intersect_bp,f_orig_query,f_match,f_unique_to_query,f_unique_weighted,average_abund,median_abund,std_abund,name,filename,md5,f_match_orig,unique_intersect_bp,gather_result_rank,remaining_bp,query_filename,query_name,query_md5,query_bp
1103000,0.11014579588575994,0.44422070076520337,0.11014579588575994,0.11014579588575994,,,,"GCF_000375525.1 Corynebacterium propinquum DSM 44285 strain=DSM 44285, ASM37552v1",/mnt/HDD/kia/HMP_reference/gtdb-rs207.genomic-reps.dna.k31.zip,24fde4240d0f6ce88999d501358b2d8c,0.44422070076520337,1103000,0,2855000,,SRS044626.tar.bz2,d944f50d,10014000
792000,0.07908927501497903,0.3253012048192771,0.07819053325344517,0.07819053325344517,,,,"GCF_000159115.1 Corynebacterium accolens ATCC 49725 strain=ATCC 49725, ASM15911v1",/mnt/HDD/kia/HMP_reference/gtdb-rs207.genomic-reps.dna.k31.zip,30fc14d53964d66f039fe9009573cee3,0.3290402991275447,783000,1,2072000,,SRS044626.tar.bz2,d944f50d,10014000
711000,0.07100059916117435,0.29259259259259257,0.07100059916117435,0.07100059916117435,,,,"GCF_003030305.1 Cutibacterium acnes strain=ATCC 6919, ASM303030v1",/mnt/HDD/kia/HMP_reference/gtdb-rs207.genomic-reps.dna.k31.zip,ff021938b2e5aeb2c3d43194bd8f6fed,0.29259259259259257,711000,2,1361000,,SRS044626.tar.bz2,d944f50d,10014000
673000,0.06720591172358698,0.3705947136563877,0.06720591172358698,0.06720591172358698,,,,"GCF_000245815.1 Dolosigranulum pigrum ATCC 51524 strain=ATCC 51524, Dolo_pigr_ATCC_51524_V1",/mnt/HDD/kia/HMP_reference/gtdb-rs207.genomic-reps.dna.k31.zip,786730e4a7016d177710bc545c7918ca,0.3705947136563877,673000,3,688000,,SRS044626.tar.bz2,d944f50d,10014000
141000,0.01408028759736369,0.05969517358171041,0.01408028759736369,0.01408028759736369,,,,"GCF_006742205.1 Staphylococcus epidermidis strain=NBRC 100911, ASM674220v1",/mnt/HDD/kia/HMP_reference/gtdb-rs207.genomic-reps.dna.k31.zip,573514f3d349904ef56eb74c28c247d7,0.05969517358171041,141000,4,547000,,SRS044626.tar.bz2,d944f50d,10014000
94000,0.009386858398242461,0.01447935921133703,0.009386858398242461,0.009386858398242461,,,,"GCF_001314995.1 Bacteroides ovatus strain=ATCC 8483, ASM131499v1",/mnt/HDD/kia/HMP_reference/gtdb-rs207.genomic-reps.dna.k31.zip,514bdd6aa640f40cc6414be0e11ec2f6,0.01447935921133703,94000,5,453000,,SRS044626.tar.bz2,d944f50d,10014000
85000,0.008488116636708608,0.0164,0.008188536049530657,0.008188536049530657,,,,"GCF_000012825.1 Bacteroides vulgatus ATCC 8482 strain=ATCC 8482, ASM1282v1",/mnt/HDD/kia/HMP_reference/gtdb-rs207.genomic-reps.dna.k31.zip,960cc77fc7b96d595712107aaa1524b5,0.017,82000,6,371000,,SRS044626.tar.bz2,d944f50d,10014000
304000,0.03035749950069902,0.02831715210355987,0.006990213700818854,0.006990213700818854,,,,"GCF_000478175.1 Corynebacterium sp. KPL1814 strain=KPL1814, Cory_sp_KPL1814_V1",/mnt/HDD/kia/HMP_reference/gtdb-rs207.genomic-reps.dna.k31.zip,4cde657a6de5dd95199d6e1d2ee0d378,0.12297734627831715,70000,7,301000,,SRS044626.tar.bz2,d944f50d,10014000
53000,0.005292590373477132,0.010317305820517812,0.005292590373477132,0.005292590373477132,,,,"GCF_017299535.1 Serratia marcescens subsp. marcescens ATCC 13880 strain=ATCC 13880 substr. Sm_S9_jyu2015, ASM1729953v1",/mnt/HDD/kia/HMP_reference/gtdb-rs207.genomic-reps.dna.k31.zip,92bfb46cfaaae39ca5e3261603734786,0.010317305820517812,53000,8,248000,,SRS044626.tar.bz2,d944f50d,10014000
146000,0.01457958857599361,0.02267674522009782,0.005092869982025165,0.005092869982025165,,,,"GCF_000688415.1 Corynebacterium pseudodiphtheriticum DSM 44287 strain=DSM 44287, ASM68841v1",/mnt/HDD/kia/HMP_reference/gtdb-rs207.genomic-reps.dna.k31.zip,959fe9cdced42dc4a88ae7978625c47e,0.06491774121831925,51000,9,197000,,SRS044626.tar.bz2,d944f50d,10014000
59000,0.005891751547833034,0.007936507936507936,0.004993009786299181,0.004993009786299181,,,,"GCF_000011065.1 Bacteroides thetaiotaomicron VPI-5482 strain=VPI-5482, ASM1106v1",/mnt/HDD/kia/HMP_reference/gtdb-rs207.genomic-reps.dna.k31.zip,df098e390010d8add7b59e4ff0574d30,0.009365079365079364,50000,10,147000,,SRS044626.tar.bz2,d944f50d,10014000
