intersect_bp,f_orig_query,f_match,f_unique_to_query,f_unique_weighted,average_abund,median_abund,std_abund,name,filename,md5,f_match_orig,unique_intersect_bp,gather_result_rank,remaining_bp,query_filename,query_name,query_md5,query_bp
2388000,0.04249866524292579,0.9827160493827161,0.04249866524292579,0.04249866524292579,,,,"GCF_003030305.1 Cutibacterium acnes strain=ATCC 6919, ASM303030v1",/mnt/HDD/kia/HMP_reference/gtdb-rs207.genomic-reps.dna.k31.zip,ff021938b2e5aeb2c3d43194bd8f6fed,0.9827160493827161,2388000,0,11362000,,SRS020386.tar.bz2,0d2e9031,56190000
2285000,0.0406655988610073,0.9674005080440304,0.0406655988610073,0.0406655988610073,,,,"GCF_006742205.1 Staphylococcus epidermidis strain=NBRC 100911, ASM674220v1",/mnt/HDD/kia/HMP_reference/gtdb-rs207.genomic-reps.dna.k31.zip,573514f3d349904ef56eb74c28c247d7,0.9674005080440304,2285000,1,9077000,,SRS020386.tar.bz2,0d2e9031,56190000
1441000,0.02564513258586937,0.9178343949044586,0.02564513258586937,0.02564513258586937,,,,"GCA_003241315.1 Lawsonella clevelandensis, ASM324131v1",/mnt/HDD/kia/HMP_reference/gtdb-rs207.genomic-reps.dna.k31.zip,615e5c6c38f626bff2360eec57680c79,0.9178343949044586,1441000,2,7636000,,SRS020386.tar.bz2,0d2e9031,56190000
1193000,0.021231535860473393,0.4592506759366551,0.021160348816515396,0.021160348816515396,,,,"GCF_002154655.1 Corynebacterium kefirresidentii strain=SB, ASM215465v1",/mnt/HDD/kia/HMP_reference/gtdb-rs207.genomic-reps.dna.k31.zip,6a7c544dce2b6d683a1acb703e969a91,0.4607956740054075,1189000,3,6447000,,SRS020386.tar.bz2,0d2e9031,56190000
849000,0.015109450080085424,0.30447435431065845,0.014895888948211426,0.014895888948211426,,,,"GCF_001027105.1 Staphylococcus aureus subsp. aureus DSM 20231 strain=DSM 20231, ASM102710v1",/mnt/HDD/kia/HMP_reference/gtdb-rs207.genomic-reps.dna.k31.zip,185d23ed7456f793b36f5c5f7f0a4c80,0.308839578028374,837000,4,5610000,,SRS020386.tar.bz2,0d2e9031,56190000
898000,0.01598149136857092,0.3158351409978308,0.012956042000355935,0.012956042000355935,,,,"GCF_016127015.1 Corynebacterium tuberculostearicum strain=FDAARGOS_993, ASM1612701v1",/mnt/HDD/kia/HMP_reference/gtdb-rs207.genomic-reps.dna.k31.zip,74c4ea8211b98e35d7dda10fb5dc1861,0.389587852494577,728000,5,4882000,,SRS020386.tar.bz2,0d2e9031,56190000
695000,0.012368748887702438,0.26496763754045305,0.011656878448122441,0.011656878448122441,,,,"GCF_000478175.1 Corynebacterium sp. KPL1814 strain=KPL1814, Cory_sp_KPL1814_V1",/mnt/HDD/kia/HMP_reference/gtdb-rs207.genomic-reps.dna.k31.zip,4cde657a6de5dd95199d6e1d2ee0d378,0.28114886731391586,655000,6,4227000,,SRS020386.tar.bz2,0d2e9031,56190000
586000,0.010428901939846948,0.25654682645361737,0.010286527851930948,0.010286527851930948,,,,"GCF_900186975.1 Cutibacterium granulosum strain=NCTC11865, 50569_F01",/mnt/HDD/kia/HMP_reference/gtdb-rs207.genomic-reps.dna.k31.zip,737acad50d16ca56da72f9d2a7ffd059,0.2600976475810031,578000,7,3649000,,SRS020386.tar.bz2,0d2e9031,56190000
506000,0.009005161060686955,0.28017718715393136,0.009005161060686955,0.009005161060686955,,,,"GCF_900106515.1 Peptoniphilus lacydonensis strain=EL1, PRJEB16530",/mnt/HDD/kia/HMP_reference/gtdb-rs207.genomic-reps.dna.k31.zip,b4b406f34659b0ee300ff2dee0f6de99,0.28017718715393136,506000,8,3143000,,SRS020386.tar.bz2,0d2e9031,56190000
450000,0.00800854244527496,0.2408008658008658,0.00791955864032746,0.00791955864032746,,,,"GCF_900445265.1 Anaerococcus octavius strain=NCTC9810, 51765_E01",/mnt/HDD/kia/HMP_reference/gtdb-rs207.genomic-reps.dna.k31.zip,241cbbfed00807dab6c63c4d320f3bbc,0.2435064935064935,445000,9,2698000,,SRS020386.tar.bz2,0d2e9031,56190000
602000,0.010713650115678947,0.12172829248026588,0.005214450969923474,0.005214450969923474,,,,"GCF_000159115.1 Corynebacterium accolens ATCC 49725 strain=ATCC 49725, ASM15911v1",/mnt/HDD/kia/HMP_reference/gtdb-rs207.genomic-reps.dna.k31.zip,30fc14d53964d66f039fe9009573cee3,0.2501038637307852,293000,10,2405000,,SRS020386.tar.bz2,0d2e9031,56190000
258000,0.004591564335290977,0.11927877947295423,0.004591564335290977,0.004591564335290977,,,,"GCF_001074825.1 Streptococcus pseudopneumoniae strain=888_SPSE, ASM107482v1",/mnt/HDD/kia/HMP_reference/gtdb-rs207.genomic-reps.dna.k31.zip,7b372b5dddf1c72f72491e39550fbabd,0.11927877947295423,258000,11,2147000,,SRS020386.tar.bz2,0d2e9031,56190000
564000,0.01003737319807795,0.08428446005267778,0.003416978109983983,0.003416978109983983,,,,"GCF_016894265.1 Corynebacterium tuberculostearicum strain=FDAARGOS_1198, ASM1689426v1",/mnt/HDD/kia/HMP_reference/gtdb-rs207.genomic-reps.dna.k31.zip,5f9b13a23691e04da6c85fdb2677bf38,0.247585601404741,192000,12,1955000,,SRS020386.tar.bz2,0d2e9031,56190000
150000,0.0026695141484249867,0.07572254335260116,0.0023313756896244883,0.0023313756896244883,,,,"GCF_017874535.1 Anaerococcus nagyae strain=DSM 101193, ASM1787453v1",/mnt/HDD/kia/HMP_reference/gtdb-rs207.genomic-reps.dna.k31.zip,097b61e5c11b96a706fcb29cfbeca564,0.08670520231213873,131000,13,1824000,,SRS020386.tar.bz2,0d2e9031,56190000
568000,0.01010856024203595,0.051675977653631286,0.00197544046983449,0.00197544046983449,,,,"GCA_900539985.1 uncultured Corynebacterium sp., UMGS194",/mnt/HDD/kia/HMP_reference/gtdb-rs207.genomic-reps.dna.k31.zip,1377a74b317342ccf673c632bc466ae1,0.2644320297951583,111000,14,1713000,,SRS020386.tar.bz2,0d2e9031,56190000
136000,0.002420359494571988,0.05247670426679745,0.0019042534258764904,0.0019042534258764904,,,,"GCF_002386345.1 Streptococcus oralis strain=FDAARGOS_367, ASM238634v1",/mnt/HDD/kia/HMP_reference/gtdb-rs207.genomic-reps.dna.k31.zip,574c99593e991dd13455614261fa499f,0.06669936243256498,107000,15,1606000,,SRS020386.tar.bz2,0d2e9031,56190000
100000,0.001779676098949991,0.04415700267618198,0.0017618793379604912,0.0017618793379604912,,,,"GCF_902810435.1 Veillonella parvula strain=SKV38, SKV38",/mnt/HDD/kia/HMP_reference/gtdb-rs207.genomic-reps.dna.k31.zip,92fffacc05525a8c6779bf5455282783,0.04460303300624442,99000,16,1507000,,SRS020386.tar.bz2,0d2e9031,56190000
182000,0.0032390105000889837,0.03736179946626001,0.0017440825769709913,0.0017440825769709913,,,,"GCF_008326345.1 Cutibacterium sp. M12 strain=M12, ASM832634v1",/mnt/HDD/kia/HMP_reference/gtdb-rs207.genomic-reps.dna.k31.zip,9a7d83510c12b8ec999fdb0e9d4cad82,0.06938619900876858,98000,17,1409000,,SRS020386.tar.bz2,0d2e9031,56190000
605000,0.010767040398647447,0.029934924078091105,0.001227976508275494,0.001227976508275494,,,,"GCF_013408445.1 Corynebacterium tuberculostearicum strain=DSM 44922, ASM1340844v1",/mnt/HDD/kia/HMP_reference/gtdb-rs207.genomic-reps.dna.k31.zip,8897c1bb4f3ce709a4ad43a0e85932fc,0.26247288503253796,69000,18,1340000,,SRS020386.tar.bz2,0d2e9031,56190000
71000,0.0012635700302544937,0.028874734607218684,0.001210179747285994,0.001210179747285994,,,,"GCF_001591705.1 Lactococcus lactis subsp. cremoris NBRC 100676 strain=NBRC 100676, ASM159170v1",/mnt/HDD/kia/HMP_reference/gtdb-rs207.genomic-reps.dna.k31.zip,932dc1ddeb39b0d9aba0ed056844965a,0.030148619957537155,68000,19,1272000,,SRS020386.tar.bz2,0d2e9031,56190000
139000,0.0024737497775404876,0.03230472516875603,0.001192382986296494,0.001192382986296494,,,,"GCF_002096755.1 Streptococcus mitis strain=RH_50275_09, ASM209675v1",/mnt/HDD/kia/HMP_reference/gtdb-rs207.genomic-reps.dna.k31.zip,b1a0b7cad189923faf01ee4fa5d930aa,0.06702025072324011,67000,20,1205000,,SRS020386.tar.bz2,0d2e9031,56190000
70000,0.0012457732692649937,0.033560566334556896,0.0011389927033279943,0.0011389927033279943,,,,"GCF_000159695.1 Finegoldia magna ATCC 53516 strain=ATCC 53516, ASM15969v1",/mnt/HDD/kia/HMP_reference/gtdb-rs207.genomic-reps.dna.k31.zip,a0a5f5260c65de59aa6cf6f2851e3b3a,0.03670686942842161,64000,21,1141000,,SRS020386.tar.bz2,0d2e9031,56190000
173000,0.0030788396511834846,0.02117561153705732,0.0010322121373909949,0.0010322121373909949,,,,"GCF_000236925.1 Staphylococcus argenteus strain=MSHR1132, ASM23692v1",/mnt/HDD/kia/HMP_reference/gtdb-rs207.genomic-reps.dna.k31.zip,527e9b707bd1d4e9e99555963da67c75,0.06316173786053304,58000,22,1083000,,SRS020386.tar.bz2,0d2e9031,56190000
56000,0.000996618615411995,0.024593763724198508,0.000996618615411995,0.000996618615411995,,,,"GCF_001808955.1 Rothia sp. HMSC078H08 strain=HMSC078H08, ASM180895v1",/mnt/HDD/kia/HMP_reference/gtdb-rs207.genomic-reps.dna.k31.zip,74fd6131ca3bd446231e30bd4c48bf46,0.024593763724198508,56000,23,1027000,,SRS020386.tar.bz2,0d2e9031,56190000
62000,0.0011033991813489945,0.024736601007787448,0.0009610250934329952,0.0009610250934329952,,,,"GCF_000785515.1 Streptococcus salivarius strain=NCTC 8618, ASM78551v1",/mnt/HDD/kia/HMP_reference/gtdb-rs207.genomic-reps.dna.k31.zip,dbd15eddd1d077ef23fe41235986f0cd,0.028401282638570773,54000,24,973000,,SRS020386.tar.bz2,0d2e9031,56190000
94000,0.0016728955330129916,0.02054794520547945,0.0009076348104644955,0.0009076348104644955,,,,"GCF_002902325.1 Staphylococcus capitis subsp. capitis strain=NCTC 11045, ASM290232v1",/mnt/HDD/kia/HMP_reference/gtdb-rs207.genomic-reps.dna.k31.zip,ee650d57ebdb152533f91818a75ffcf6,0.0378726833199033,51000,25,922000,,SRS020386.tar.bz2,0d2e9031,56190000
