intersect_bp,f_orig_query,f_match,f_unique_to_query,f_unique_weighted,average_abund,median_abund,std_abund,name,filename,md5,f_match_orig,unique_intersect_bp,gather_result_rank,remaining_bp,query_filename,query_name,query_md5,query_bp
2423000,0.0315873181415237,0.997119341563786,0.0315873181415237,0.0315873181415237,,,,"GCF_003030305.1 Cutibacterium acnes strain=ATCC 6919, ASM303030v1",/mnt/HDD/kia/HMP_reference/gtdb-rs207.genomic-reps.dna.k31.zip,ff021938b2e5aeb2c3d43194bd8f6fed,0.997119341563786,2423000,0,5945000,,SRS058221.tar.bz2,1294ffa6,76708000
1575000,0.020532408614486103,0.6668077900084673,0.020532408614486103,0.020532408614486103,,,,"GCF_006742205.1 Staphylococcus epidermidis strain=NBRC 100911, ASM674220v1",/mnt/HDD/kia/HMP_reference/gtdb-rs207.genomic-reps.dna.k31.zip,573514f3d349904ef56eb74c28c247d7,0.6668077900084673,1575000,1,4370000,,SRS058221.tar.bz2,1294ffa6,76708000
1501000,0.019567711320853106,0.9560509554140127,0.019567711320853106,0.019567711320853106,,,,"GCA_003241315.1 Lawsonella clevelandensis, ASM324131v1",/mnt/HDD/kia/HMP_reference/gtdb-rs207.genomic-reps.dna.k31.zip,615e5c6c38f626bff2360eec57680c79,0.9560509554140127,1501000,2,2869000,,SRS058221.tar.bz2,1294ffa6,76708000
1065000,0.013883819158366794,0.4695960940967599,0.013792564008969077,0.013792564008969077,,,,"GCF_900186975.1 Cutibacterium granulosum strain=NCTC11865, 50569_F01",/mnt/HDD/kia/HMP_reference/gtdb-rs207.genomic-reps.dna.k31.zip,737acad50d16ca56da72f9d2a7ffd059,0.47270306258322237,1058000,3,1811000,,SRS058221.tar.bz2,1294ffa6,76708000
839000,0.010937581477811962,0.3235294117647059,0.010468269280909423,0.010468269280909423,,,,"GCF_002902325.1 Staphylococcus capitis subsp. capitis strain=NCTC 11045, ASM290232v1",/mnt/HDD/kia/HMP_reference/gtdb-rs207.genomic-reps.dna.k31.zip,ee650d57ebdb152533f91818a75ffcf6,0.3380338436744561,803000,4,1008000,,SRS058221.tar.bz2,1294ffa6,76708000
537000,0.007000573603796214,0.15147679324894514,0.004680085519111436,0.004680085519111436,,,,"GCF_001642025.1 [Propionibacterium] namnetense strain=NTS 31307302, ASM164202v1",/mnt/HDD/kia/HMP_reference/gtdb-rs207.genomic-reps.dna.k31.zip,ddeb72b30b6fb2c315bf4b2a7aa36fd8,0.22658227848101264,359000,5,649000,,SRS058221.tar.bz2,1294ffa6,76708000
157000,0.0020467226364916306,0.05909617612977984,0.001994576836835793,0.001994576836835793,,,,"GCF_002154655.1 Corynebacterium kefirresidentii strain=SB, ASM215465v1",/mnt/HDD/kia/HMP_reference/gtdb-rs207.genomic-reps.dna.k31.zip,6a7c544dce2b6d683a1acb703e969a91,0.06064117419853225,153000,6,496000,,SRS058221.tar.bz2,1294ffa6,76708000
185000,0.0024117432340824948,0.036218070911170415,0.001238462741826146,0.001238462741826146,,,,"GCF_008326345.1 Cutibacterium sp. M12 strain=M12, ASM832634v1",/mnt/HDD/kia/HMP_reference/gtdb-rs207.genomic-reps.dna.k31.zip,9a7d83510c12b8ec999fdb0e9d4cad82,0.07052992756385817,95000,7,401000,,SRS058221.tar.bz2,1294ffa6,76708000
74000,0.0009646972936329978,0.036292300147130946,0.0009646972936329978,0.0009646972936329978,,,,"GCF_002386345.1 Streptococcus oralis strain=FDAARGOS_367, ASM238634v1",/mnt/HDD/kia/HMP_reference/gtdb-rs207.genomic-reps.dna.k31.zip,574c99593e991dd13455614261fa499f,0.036292300147130946,74000,8,327000,,SRS058221.tar.bz2,1294ffa6,76708000
55000,0.0007170047452677686,0.017432646592709985,0.0007170047452677686,0.0007170047452677686,,,,"GCF_000144405.1 Prevotella melaninogenica ATCC 25845 strain=ATCC 25845, ASM14440v1",/mnt/HDD/kia/HMP_reference/gtdb-rs207.genomic-reps.dna.k31.zip,33345282ddecaefe1682f1bd43bc7ffe,0.017432646592709985,55000,9,272000,,SRS058221.tar.bz2,1294ffa6,76708000
57000,0.0007430776450956876,0.018102581293999328,0.0007039682953538092,0.0007039682953538092,,,,"GCF_001553935.1 Actinomyces oris strain=T14V, ASM155393v1",/mnt/HDD/kia/HMP_reference/gtdb-rs207.genomic-reps.dna.k31.zip,b8fe439206f0708f15356748b7021bc7,0.01910828025477707,54000,10,218000,,SRS058221.tar.bz2,1294ffa6,76708000
