intersect_bp,f_orig_query,f_match,f_unique_to_query,f_unique_weighted,average_abund,median_abund,std_abund,name,filename,md5,f_match_orig,unique_intersect_bp,gather_result_rank,remaining_bp,query_filename,query_name,query_md5,query_bp
964000,0.04377043225572103,0.4681884409907722,0.04377043225572103,0.04377043225572103,,,,"GCF_002860905.1 Streptococcus oralis subsp. dentisani strain=UMB0832, ASM286090v1",/mnt/HDD/kia/HMP_reference/gtdb-rs207.genomic-reps.dna.k31.zip,3d814e63ec0e88783955c77962edc41b,0.4681884409907722,964000,0,9122000,,SRS023534.tar.bz2,0088dff6,22024000
790000,0.03586996004358881,0.4047131147540984,0.03586996004358881,0.03586996004358881,,,,"GCF_003253005.1 Haemophilus parainfluenzae strain=C2008003258, ASM325300v1",/mnt/HDD/kia/HMP_reference/gtdb-rs207.genomic-reps.dna.k31.zip,f36333f9da6edb7f51a47e53ee965efa,0.4047131147540984,790000,1,8332000,,SRS023534.tar.bz2,0088dff6,22024000
755000,0.03428078459861969,0.33636363636363636,0.0319197239375227,0.0319197239375227,,,,"GCF_006384255.1 Haemophilus sp. SZY H1 strain=SZY H1, ASM638425v1",/mnt/HDD/kia/HMP_reference/gtdb-rs207.genomic-reps.dna.k31.zip,0dbba7d5e17d7222421400a0f13ae34c,0.361244019138756,703000,2,7629000,,SRS023534.tar.bz2,0088dff6,22024000
509000,0.023111151471122412,0.2689393939393939,0.022566291318561568,0.022566291318561568,,,,"GCF_000188295.1 Streptococcus vestibularis ATCC 49124 strain=ATCC 49124, ASM18829v1",/mnt/HDD/kia/HMP_reference/gtdb-rs207.genomic-reps.dna.k31.zip,f10d58765fd345bffe82da57fb72ecc7,0.2754329004329004,497000,3,7132000,,SRS023534.tar.bz2,0088dff6,22024000
329000,0.014938249182709772,0.13373983739837397,0.014938249182709772,0.014938249182709772,,,,"GCF_000164695.2 Rothia dentocariosa ATCC 17931 strain=ATCC 17931, ASM16469v2",/mnt/HDD/kia/HMP_reference/gtdb-rs207.genomic-reps.dna.k31.zip,749b0a6cf814c3c640e32fe578204f06,0.13373983739837397,329000,4,6803000,,SRS023534.tar.bz2,0088dff6,22024000
579000,0.02628950236106066,0.17653449212384573,0.014756629131856156,0.014756629131856156,,,,"GCF_003626515.1 Streptococcus chosunense strain=ChDC B353, ASM362651v1",/mnt/HDD/kia/HMP_reference/gtdb-rs207.genomic-reps.dna.k31.zip,c4feed9fa8498da77206202eb3b94ee7,0.3145029875067898,325000,5,6478000,,SRS023534.tar.bz2,0088dff6,22024000
537000,0.024382491827097712,0.1282536677709418,0.012304758445332365,0.012304758445332365,,,,"GCF_003252755.1 Haemophilus parainfluenzae strain=C2006002596, ASM325275v1",/mnt/HDD/kia/HMP_reference/gtdb-rs207.genomic-reps.dna.k31.zip,3e8fd94fed6765b59ed6454114bdcb94,0.25414103170847135,271000,6,6207000,,SRS023534.tar.bz2,0088dff6,22024000
263000,0.011941518343625137,0.07077502691065662,0.011941518343625137,0.011941518343625137,,,,"GCF_015074785.1 Prevotella copri strain=YF2, ASM1507478v1",/mnt/HDD/kia/HMP_reference/gtdb-rs207.genomic-reps.dna.k31.zip,988b2ef58a54374a65546dbc194ca3be,0.07077502691065662,263000,7,5944000,,SRS023534.tar.bz2,0088dff6,22024000
214000,0.009716672720668363,0.0418,0.009489647657101344,0.009489647657101344,,,,"GCF_000012825.1 Bacteroides vulgatus ATCC 8482 strain=ATCC 8482, ASM1282v1",/mnt/HDD/kia/HMP_reference/gtdb-rs207.genomic-reps.dna.k31.zip,960cc77fc7b96d595712107aaa1524b5,0.0428,209000,8,5735000,,SRS023534.tar.bz2,0088dff6,22024000
495000,0.02247548129313476,0.10788149804359978,0.008763167453686887,0.008763167453686887,,,,"GCF_001679045.1 Haemophilus haemolyticus strain=CCUG 12834, ASM167904v1",/mnt/HDD/kia/HMP_reference/gtdb-rs207.genomic-reps.dna.k31.zip,1bdcf62c7ea360d6b845bdf21458ee1b,0.276690888764673,193000,9,5542000,,SRS023534.tar.bz2,0088dff6,22024000
553000,0.02510897203051217,0.1010989010989011,0.008354522339266255,0.008354522339266255,,,,"GCF_000148585.2 Streptococcus mitis NCTC 12261 strain=NCTC 12261, ASM14858v3",/mnt/HDD/kia/HMP_reference/gtdb-rs207.genomic-reps.dna.k31.zip,132bcfa0362d0f418241e6dc4c1f77c0,0.3038461538461538,184000,10,5358000,,SRS023534.tar.bz2,0088dff6,22024000
219000,0.00994369778423538,0.04709952102182012,0.00803668725027243,0.00803668725027243,,,,"GCF_002224675.1 Prevotella copri strain=Indica, ASM222467v1",/mnt/HDD/kia/HMP_reference/gtdb-rs207.genomic-reps.dna.k31.zip,9fb1a0e9e5b9105badec4d5b913f28ac,0.0582756785524215,177000,11,5181000,,SRS023534.tar.bz2,0088dff6,22024000
634000,0.028786778060297856,0.08023572076155938,0.00803668725027243,0.00803668725027243,,,,"GCA_018381425.1 Haemophilus parainfluenzae, ASM1838142v1",/mnt/HDD/kia/HMP_reference/gtdb-rs207.genomic-reps.dna.k31.zip,02224e75150b4f44f5537f6f14b4cffb,0.2873980054397099,177000,12,5004000,,SRS023534.tar.bz2,0088dff6,22024000
163000,0.00740101707228478,0.052906596995427824,0.0073556120595713766,0.0073556120595713766,,,,"GCF_900637555.1 Lautropia mirabilis strain=NCTC12852, 51726_E01",/mnt/HDD/kia/HMP_reference/gtdb-rs207.genomic-reps.dna.k31.zip,5bb167c321b3d5ddc328e1d5bcda4a1e,0.05323318092749837,162000,13,4842000,,SRS023534.tar.bz2,0088dff6,22024000
185000,0.008399927351979659,0.07523364485981308,0.007310207046857973,0.007310207046857973,,,,"GCF_009717815.1 Streptococcus parasanguinis strain=BIOML-A3, ASM971781v1",/mnt/HDD/kia/HMP_reference/gtdb-rs207.genomic-reps.dna.k31.zip,2fcab7a77920c13721e1100bacd32511,0.08644859813084112,161000,14,4681000,,SRS023534.tar.bz2,0088dff6,22024000
140000,0.006356701779876499,0.06263982102908278,0.006356701779876499,0.006356701779876499,,,,"GCF_002959775.1 Veillonella rogosae JCM 15642 strain=JCM 15642, ASM295977v1",/mnt/HDD/kia/HMP_reference/gtdb-rs207.genomic-reps.dna.k31.zip,feec846e832a1a83918fce73cf9e3977,0.06263982102908278,140000,15,4541000,,SRS023534.tar.bz2,0088dff6,22024000
143000,0.006492916818016709,0.06104523495827844,0.006311296767163094,0.006311296767163094,,,,"GCF_001808955.1 Rothia sp. HMSC078H08 strain=HMSC078H08, ASM180895v1",/mnt/HDD/kia/HMP_reference/gtdb-rs207.genomic-reps.dna.k31.zip,74fd6131ca3bd446231e30bd4c48bf46,0.06280193236714976,139000,16,4402000,,SRS023534.tar.bz2,0088dff6,22024000
557000,0.025290592081365783,0.06952141057934509,0.006265891754449691,0.006265891754449691,,,,"GCF_002096815.1 Streptococcus mitis strain=RH_12363_08, ASM209681v1",/mnt/HDD/kia/HMP_reference/gtdb-rs207.genomic-reps.dna.k31.zip,9c574e1a1c4f2ba99bf1d84952ca9e5c,0.28060453400503776,138000,17,4264000,,SRS023534.tar.bz2,0088dff6,22024000
528000,0.02397384671267708,0.061708860759493674,0.0053123864874682165,0.0053123864874682165,,,,"GCA_905207935.1 uncultured Haemophilus sp., SRR413574-mag-bin.5",/mnt/HDD/kia/HMP_reference/gtdb-rs207.genomic-reps.dna.k31.zip,34dde6ad5dd3664dc9a639f81581c29c,0.27848101265822783,117000,18,4147000,,SRS023534.tar.bz2,0088dff6,22024000
611000,0.027742462767889574,0.05484024797329518,0.005221576462041409,0.005221576462041409,,,,"GCF_002860865.1 Streptococcus mitis strain=UMB1341, ASM286086v1",/mnt/HDD/kia/HMP_reference/gtdb-rs207.genomic-reps.dna.k31.zip,079e35abb8fd18c108356d1dd56d816f,0.2913686218407248,115000,19,4032000,,SRS023534.tar.bz2,0088dff6,22024000
410000,0.018616055212495458,0.05265772478887233,0.004812931347620777,0.004812931347620777,,,,"GCF_001276515.1 Haemophilus sp. C1 strain=C1, ASM127651v1",/mnt/HDD/kia/HMP_reference/gtdb-rs207.genomic-reps.dna.k31.zip,7b745ce6438914a70b78f0abfaece213,0.20367610531544958,106000,20,3926000,,SRS023534.tar.bz2,0088dff6,22024000
95000,0.004313476207773339,0.03909465020576132,0.004313476207773339,0.004313476207773339,,,,"GCF_003030305.1 Cutibacterium acnes strain=ATCC 6919, ASM303030v1",/mnt/HDD/kia/HMP_reference/gtdb-rs207.genomic-reps.dna.k31.zip,ff021938b2e5aeb2c3d43194bd8f6fed,0.03909465020576132,95000,21,3831000,,SRS023534.tar.bz2,0088dff6,22024000
230000,0.010443152924082818,0.03859060402684564,0.004177261169633128,0.004177261169633128,,,,"GCF_009738225.1 Streptococcus salivarius strain=ICDC2, ASM973822v1",/mnt/HDD/kia/HMP_reference/gtdb-rs207.genomic-reps.dna.k31.zip,064f37e0e8408f176a29afe33224f971,0.0964765100671141,92000,22,3739000,,SRS023534.tar.bz2,0088dff6,22024000
91000,0.004131856156919724,0.028953229398663696,0.004131856156919724,0.004131856156919724,,,,"GCF_006546825.1 Actinomyces oris strain=CCUG 34288, ASM654682v1",/mnt/HDD/kia/HMP_reference/gtdb-rs207.genomic-reps.dna.k31.zip,e8605a9ea870c376247ec0446d5ce47b,0.028953229398663696,91000,23,3648000,,SRS023534.tar.bz2,0088dff6,22024000
84000,0.003814021067925899,0.03708668453976765,0.0037686160552124954,0.0037686160552124954,,,,"GCF_003269275.1 Phascolarctobacterium faecium DSM 14760 strain=DSM 14760, ASM326927v1",/mnt/HDD/kia/HMP_reference/gtdb-rs207.genomic-reps.dna.k31.zip,d6ec1bf8f193a3a0129b996a97606afd,0.03753351206434316,83000,24,3565000,,SRS023534.tar.bz2,0088dff6,22024000
93000,0.004222666182346531,0.04394426580921758,0.003723211042499092,0.003723211042499092,,,,"GCF_001553035.1 Gemella haemolysans strain=DNF01167, ASM155303v1",/mnt/HDD/kia/HMP_reference/gtdb-rs207.genomic-reps.dna.k31.zip,2d548a6a65fcf6367862b443bb8c448d,0.04983922829581994,82000,25,3483000,,SRS023534.tar.bz2,0088dff6,22024000
471000,0.021385760988013078,0.03728967712596635,0.003723211042499092,0.003723211042499092,,,,"GCF_000191405.1 Haemophilus parainfluenzae ATCC 33392 strain=ATCC 33392, ASM19140v1",/mnt/HDD/kia/HMP_reference/gtdb-rs207.genomic-reps.dna.k31.zip,fbfb9299b266913d2d2b6175ee509a88,0.21418826739427013,82000,26,3401000,,SRS023534.tar.bz2,0088dff6,22024000
175000,0.007945877224845624,0.04128440366972477,0.0036778060297856883,0.0036778060297856883,,,,"GCF_009496285.1 Streptococcus mitis strain=SM16, ASM949628v1",/mnt/HDD/kia/HMP_reference/gtdb-rs207.genomic-reps.dna.k31.zip,377f8f3ff29d57edd0d1458d46f43500,0.0891946992864424,81000,27,3320000,,SRS023534.tar.bz2,0088dff6,22024000
83000,0.0037686160552124954,0.01723376049491825,0.003541590991645478,0.003541590991645478,,,,"GCF_002222615.2 Bacteroides caccae strain=ATCC 43185, ASM222261v2",/mnt/HDD/kia/HMP_reference/gtdb-rs207.genomic-reps.dna.k31.zip,47030cb09435e5a03e1ce6a49f0753a5,0.018338488731771983,78000,28,3242000,,SRS023534.tar.bz2,0088dff6,22024000
76000,0.0034507809662186707,0.036567528035104824,0.003405375953505267,0.003405375953505267,,,,"GCF_000174815.1 Porphyromonas endodontalis ATCC 35406 strain=ATCC 35406, ASM17481v1",/mnt/HDD/kia/HMP_reference/gtdb-rs207.genomic-reps.dna.k31.zip,9a870d62f8ff6f8f760c27021c7b5689,0.03705509507557289,75000,29,3167000,,SRS023534.tar.bz2,0088dff6,22024000
78000,0.003541590991645478,0.015384615384615385,0.003405375953505267,0.003405375953505267,,,,"GCF_000012845.1 Parabacteroides distasonis ATCC 8503 strain=ATCC 8503, ASM1284v1",/mnt/HDD/kia/HMP_reference/gtdb-rs207.genomic-reps.dna.k31.zip,5feebdfe795727335c87e462e7a7cc14,0.016,75000,30,3092000,,SRS023534.tar.bz2,0088dff6,22024000
77000,0.003496185978932074,0.024487094639311716,0.0033599709407918636,0.0033599709407918636,,,,"GCF_900637655.1 Prevotella oris strain=NCTC13071, 52295_B01",/mnt/HDD/kia/HMP_reference/gtdb-rs207.genomic-reps.dna.k31.zip,8aa76d664a1292aed8b45fa12b5a7e4b,0.025479814692256783,74000,31,3018000,,SRS023534.tar.bz2,0088dff6,22024000
502000,0.022793316382128587,0.03562831006259028,0.0033599709407918636,0.0033599709407918636,,,,"GCF_006385785.1 Streptococcus sp. D19 strain=D19, ASM638578v1",/mnt/HDD/kia/HMP_reference/gtdb-rs207.genomic-reps.dna.k31.zip,6f5f743f66865a2e434d9b53f53e8c3c,0.2416947520462205,74000,32,2944000,,SRS023534.tar.bz2,0088dff6,22024000
612000,0.02778786778060298,0.03261390887290168,0.003087540864511442,0.003087540864511442,,,,"GCF_009496165.1 Streptococcus mitis strain=SM08, ASM949616v1",/mnt/HDD/kia/HMP_reference/gtdb-rs207.genomic-reps.dna.k31.zip,41faf50d231172e0648989fe438d8e78,0.2935251798561151,68000,33,2876000,,SRS023534.tar.bz2,0088dff6,22024000
241000,0.010942608063930258,0.019752358490566037,0.0030421358517980384,0.0030421358517980384,,,,"GCF_000157935.1 Prevotella copri DSM 18205 strain=DSM 18205, ASM15793v1",/mnt/HDD/kia/HMP_reference/gtdb-rs207.genomic-reps.dna.k31.zip,0ccc33af6303b2717760a32ff5429365,0.0710495283018868,67000,34,2809000,,SRS023534.tar.bz2,0088dff6,22024000
69000,0.0031329458772248455,0.025928792569659444,0.0030421358517980384,0.0030421358517980384,,,,"GCF_000154465.1 Alistipes putredinis DSM 17216 strain=DSM 17216, ASM15446v1",/mnt/HDD/kia/HMP_reference/gtdb-rs207.genomic-reps.dna.k31.zip,db9feafdd9d3e3f2fb5caf52a730ce6a,0.026702786377708978,67000,35,2742000,,SRS023534.tar.bz2,0088dff6,22024000
91000,0.004131856156919724,0.014557670772676373,0.0029513258263712313,0.0029513258263712313,,,,"GCF_000382445.1 Bacteroides massiliensis B84634 = Timone 84634 = DSM 17679 = JCM 13223 strain=DSM 17679, Bact_mass_DSM_17679_V1",/mnt/HDD/kia/HMP_reference/gtdb-rs207.genomic-reps.dna.k31.zip,a65db27ac6f6490cca7eeb016c93eea7,0.02038073908174692,65000,36,2677000,,SRS023534.tar.bz2,0088dff6,22024000
475000,0.02156738103886669,0.0323242688558235,0.002860515800944424,0.002860515800944424,,,,"GCF_014931275.1 Haemophilus parainfluenzae strain=M1C160_1, ASM1493127v1",/mnt/HDD/kia/HMP_reference/gtdb-rs207.genomic-reps.dna.k31.zip,90ed85567504e269bdef87c296aa46c1,0.24371472550025655,63000,37,2614000,,SRS023534.tar.bz2,0088dff6,22024000
135000,0.00612967671630948,0.02782685512367491,0.002860515800944424,0.002860515800944424,,,,"GCF_000175615.1 Rothia mucilaginosa ATCC 25296 strain=ATCC 25296, ASM17561v1",/mnt/HDD/kia/HMP_reference/gtdb-rs207.genomic-reps.dna.k31.zip,11db2ba4a5b7213bf246441cf0a5780d,0.05962897526501767,63000,38,2551000,,SRS023534.tar.bz2,0088dff6,22024000
490000,0.022248456229567743,0.030010172939979655,0.00267889575009081,0.00267889575009081,,,,"GCF_009496205.1 Streptococcus mitis strain=SM11, ASM949620v1",/mnt/HDD/kia/HMP_reference/gtdb-rs207.genomic-reps.dna.k31.zip,65eb4a21be85befd60e5d1b2f904392e,0.24923702950152593,59000,39,2492000,,SRS023534.tar.bz2,0088dff6,22024000
73000,0.00331456592807846,0.009206349206349206,0.0026334907373774066,0.0026334907373774066,,,,"GCF_000011065.1 Bacteroides thetaiotaomicron VPI-5482 strain=VPI-5482, ASM1106v1",/mnt/HDD/kia/HMP_reference/gtdb-rs207.genomic-reps.dna.k31.zip,df098e390010d8add7b59e4ff0574d30,0.011587301587301587,58000,40,2434000,,SRS023534.tar.bz2,0088dff6,22024000
62000,0.002815110788231021,0.02760590195145169,0.0026334907373774066,0.0026334907373774066,,,,"GCF_900654165.1 Neisseria flavescens strain=N13, PRJEB30649-R19",/mnt/HDD/kia/HMP_reference/gtdb-rs207.genomic-reps.dna.k31.zip,9e2f71ef359430d825b98076799ecf08,0.029509757258448358,58000,41,2376000,,SRS023534.tar.bz2,0088dff6,22024000
59000,0.00267889575009081,0.020802377414561663,0.0025426807119505995,0.0025426807119505995,,,,"GCF_014202695.1 Oribacterium sinus strain=DSM 17245, ASM1420269v1",/mnt/HDD/kia/HMP_reference/gtdb-rs207.genomic-reps.dna.k31.zip,46210eef7a5fa4a106f5485e5b1e3ace,0.021916790490341752,56000,42,2320000,,SRS023534.tar.bz2,0088dff6,22024000
59000,0.00267889575009081,0.021137586471944657,0.0024972756992371957,0.0024972756992371957,,,,"GCF_001953955.1 Prevotella intermedia ATCC 25611 = DSM 20706 strain=ATCC 25611, ASM195395v1",/mnt/HDD/kia/HMP_reference/gtdb-rs207.genomic-reps.dna.k31.zip,e0782353e0bef5803e7f7a2e55f9d6ba,0.022674865488086088,55000,43,2265000,,SRS023534.tar.bz2,0088dff6,22024000
453000,0.020568470759171814,0.0255338904363974,0.0024972756992371957,0.0024972756992371957,,,,"GCA_001752465.1 Haemophilus quentini strain=K068, ASM175246v1",/mnt/HDD/kia/HMP_reference/gtdb-rs207.genomic-reps.dna.k31.zip,f1a382d510663e75d77eb0a1d8344c3d,0.21030640668523676,55000,44,2210000,,SRS023534.tar.bz2,0088dff6,22024000
52000,0.002361060661096985,0.019867549668874173,0.0023156556483835814,0.0023156556483835814,,,,"GCF_002763915.1 Fusobacterium pseudoperiodonticum strain=KCOM 1262, ASM276391v1",/mnt/HDD/kia/HMP_reference/gtdb-rs207.genomic-reps.dna.k31.zip,721f0b8d1f9364b1922999b37caa723b,0.02025710946630308,51000,45,2159000,,SRS023534.tar.bz2,0088dff6,22024000
