intersect_bp,f_orig_query,f_match,f_unique_to_query,f_unique_weighted,average_abund,median_abund,std_abund,name,filename,md5,f_match_orig,unique_intersect_bp,gather_result_rank,remaining_bp,query_filename,query_name,query_md5,query_bp
2286000,0.07667281569679692,0.9407407407407408,0.07667281569679692,0.07667281569679692,,,,"GCF_003030305.1 Cutibacterium acnes strain=ATCC 6919, ASM303030v1",/mnt/HDD/kia/HMP_reference/gtdb-rs207.genomic-reps.dna.k31.zip,ff021938b2e5aeb2c3d43194bd8f6fed,0.9407407407407408,2286000,0,10539000,,SRS016752.tar.bz2,1eb9ea2e,29815000
2072000,0.06949522052658058,0.8772226926333616,0.06949522052658058,0.06949522052658058,,,,"GCF_006742205.1 Staphylococcus epidermidis strain=NBRC 100911, ASM674220v1",/mnt/HDD/kia/HMP_reference/gtdb-rs207.genomic-reps.dna.k31.zip,573514f3d349904ef56eb74c28c247d7,0.8772226926333616,2072000,1,8467000,,SRS016752.tar.bz2,1eb9ea2e,29815000
1223000,0.04101962099614288,0.7789808917197453,0.04101962099614288,0.04101962099614288,,,,"GCA_003241315.1 Lawsonella clevelandensis, ASM324131v1",/mnt/HDD/kia/HMP_reference/gtdb-rs207.genomic-reps.dna.k31.zip,615e5c6c38f626bff2360eec57680c79,0.7789808917197453,1223000,2,7244000,,SRS016752.tar.bz2,1eb9ea2e,29815000
1163000,0.03900721113533456,0.5288767621646203,0.03900721113533456,0.03900721113533456,,,,"GCF_001679005.1 Moraxella nonliquefaciens strain=CCUG 348, ASM167900v1",/mnt/HDD/kia/HMP_reference/gtdb-rs207.genomic-reps.dna.k31.zip,6be8f14666fc6f37947f0fa1e6c9b423,0.5288767621646203,1163000,3,6081000,,SRS016752.tar.bz2,1eb9ea2e,29815000
998000,0.033473084018111686,0.4142085583714167,0.03343954385376488,0.03343954385376488,,,,"GCF_000159115.1 Corynebacterium accolens ATCC 49725 strain=ATCC 49725, ASM15911v1",/mnt/HDD/kia/HMP_reference/gtdb-rs207.genomic-reps.dna.k31.zip,30fc14d53964d66f039fe9009573cee3,0.41462401329455756,997000,4,5084000,,SRS016752.tar.bz2,1eb9ea2e,29815000
999000,0.03350662418245849,0.3719582850521437,0.032299178265973505,0.032299178265973505,,,,"GCF_002154655.1 Corynebacterium kefirresidentii strain=SB, ASM215465v1",/mnt/HDD/kia/HMP_reference/gtdb-rs207.genomic-reps.dna.k31.zip,6a7c544dce2b6d683a1acb703e969a91,0.3858632676709154,963000,5,4121000,,SRS016752.tar.bz2,1eb9ea2e,29815000
653000,0.02190172731846386,0.2859048465984882,0.021566325674995807,0.021566325674995807,,,,"GCF_000688415.1 Corynebacterium pseudodiphtheriticum DSM 44287 strain=DSM 44287, ASM68841v1",/mnt/HDD/kia/HMP_reference/gtdb-rs207.genomic-reps.dna.k31.zip,959fe9cdced42dc4a88ae7978625c47e,0.29035126722988,643000,6,3478000,,SRS016752.tar.bz2,1eb9ea2e,29815000
813000,0.027268153613952708,0.2702819956616052,0.020895522388059702,0.020895522388059702,,,,"GCF_013408445.1 Corynebacterium tuberculostearicum strain=DSM 44922, ASM1340844v1",/mnt/HDD/kia/HMP_reference/gtdb-rs207.genomic-reps.dna.k31.zip,8897c1bb4f3ce709a4ad43a0e85932fc,0.3527114967462039,623000,7,2855000,,SRS016752.tar.bz2,1eb9ea2e,29815000
556000,0.018648331376823746,0.3078626799557032,0.018648331376823746,0.018648331376823746,,,,"GCF_900106515.1 Peptoniphilus lacydonensis strain=EL1, PRJEB16530",/mnt/HDD/kia/HMP_reference/gtdb-rs207.genomic-reps.dna.k31.zip,b4b406f34659b0ee300ff2dee0f6de99,0.3078626799557032,556000,8,2299000,,SRS016752.tar.bz2,1eb9ea2e,29815000
391000,0.013114204259600873,0.21475770925110133,0.013080664095254067,0.013080664095254067,,,,"GCF_000245815.1 Dolosigranulum pigrum ATCC 51524 strain=ATCC 51524, Dolo_pigr_ATCC_51524_V1",/mnt/HDD/kia/HMP_reference/gtdb-rs207.genomic-reps.dna.k31.zip,786730e4a7016d177710bc545c7918ca,0.21530837004405287,390000,9,1909000,,SRS016752.tar.bz2,1eb9ea2e,29815000
299000,0.010028509139694785,0.10556003223207092,0.008787523058862988,0.008787523058862988,,,,"GCF_002902325.1 Staphylococcus capitis subsp. capitis strain=NCTC 11045, ASM290232v1",/mnt/HDD/kia/HMP_reference/gtdb-rs207.genomic-reps.dna.k31.zip,ee650d57ebdb152533f91818a75ffcf6,0.12046736502820306,262000,10,1647000,,SRS016752.tar.bz2,1eb9ea2e,29815000
227000,0.007613617306724803,0.11363636363636363,0.007043434512829113,0.007043434512829113,,,,"GCF_900445265.1 Anaerococcus octavius strain=NCTC9810, 51765_E01",/mnt/HDD/kia/HMP_reference/gtdb-rs207.genomic-reps.dna.k31.zip,241cbbfed00807dab6c63c4d320f3bbc,0.12283549783549784,210000,11,1437000,,SRS016752.tar.bz2,1eb9ea2e,29815000
796000,0.026697970820057017,0.08939974457215837,0.007043434512829113,0.007043434512829113,,,,"GCF_000175635.1 Corynebacterium tuberculostearicum SK141 strain=SK141, ASM17563v1",/mnt/HDD/kia/HMP_reference/gtdb-rs207.genomic-reps.dna.k31.zip,b38013da281cea39e3e2f538f314a81b,0.3388676032354193,210000,12,1227000,,SRS016752.tar.bz2,1eb9ea2e,29815000
562000,0.01884957236290458,0.048726953467954345,0.003722958242495388,0.003722958242495388,,,,"GCF_016894265.1 Corynebacterium tuberculostearicum strain=FDAARGOS_1198, ASM1689426v1",/mnt/HDD/kia/HMP_reference/gtdb-rs207.genomic-reps.dna.k31.zip,5f9b13a23691e04da6c85fdb2677bf38,0.2467076382791923,111000,13,1116000,,SRS016752.tar.bz2,1eb9ea2e,29815000
413000,0.013852087875230588,0.0412621359223301,0.0034210967633741406,0.0034210967633741406,,,,"GCF_000478175.1 Corynebacterium sp. KPL1814 strain=KPL1814, Cory_sp_KPL1814_V1",/mnt/HDD/kia/HMP_reference/gtdb-rs207.genomic-reps.dna.k31.zip,4cde657a6de5dd95199d6e1d2ee0d378,0.16707119741100324,102000,14,1014000,,SRS016752.tar.bz2,1eb9ea2e,29815000
109000,0.003655877913801778,0.05211047420531527,0.00335401643468053,0.00335401643468053,,,,"GCF_001293125.1 Lawsonella clevelandensis strain=X1036, ASM129312v1",/mnt/HDD/kia/HMP_reference/gtdb-rs207.genomic-reps.dna.k31.zip,16160df2a46d7735db36b5a3abf6faba,0.05680041688379364,100000,15,914000,,SRS016752.tar.bz2,1eb9ea2e,29815000
104000,0.0034881770920677513,0.02610294117647059,0.0023813516686231762,0.0023813516686231762,,,,"GCF_000833575.1 Corynebacterium singulare strain=IBS B52218, ASM83357v1",/mnt/HDD/kia/HMP_reference/gtdb-rs207.genomic-reps.dna.k31.zip,327e9f637cf716e98d258066cf2f8c48,0.03823529411764706,71000,16,843000,,SRS016752.tar.bz2,1eb9ea2e,29815000
534000,0.01791044776119403,0.031191806331471134,0.0022471910112359553,0.0022471910112359553,,,,"GCA_900539985.1 uncultured Corynebacterium sp., UMGS194",/mnt/HDD/kia/HMP_reference/gtdb-rs207.genomic-reps.dna.k31.zip,1377a74b317342ccf673c632bc466ae1,0.24860335195530725,67000,17,776000,,SRS016752.tar.bz2,1eb9ea2e,29815000
220000,0.007378836156297166,0.028270042194092827,0.0022471910112359553,0.0022471910112359553,,,,"GCF_001642025.1 [Propionibacterium] namnetense strain=NTS 31307302, ASM164202v1",/mnt/HDD/kia/HMP_reference/gtdb-rs207.genomic-reps.dna.k31.zip,ddeb72b30b6fb2c315bf4b2a7aa36fd8,0.09282700421940929,67000,18,709000,,SRS016752.tar.bz2,1eb9ea2e,29815000
86000,0.002884454133825256,0.030303030303030304,0.0021801106825423446,0.0021801106825423446,,,,"GCF_000312365.2 Anaerococcus provencensis strain=9402080, ASM31236v2",/mnt/HDD/kia/HMP_reference/gtdb-rs207.genomic-reps.dna.k31.zip,f72914a87faa7ac9ccffcf07ccdf3a07,0.04009324009324009,65000,19,644000,,SRS016752.tar.bz2,1eb9ea2e,29815000
61000,0.002045950025155123,0.02927063339731286,0.002045950025155123,0.002045950025155123,,,,"GCF_000722685.1 Streptococcus mitis strain=SK667, ASM72268v1",/mnt/HDD/kia/HMP_reference/gtdb-rs207.genomic-reps.dna.k31.zip,84770a2c8868d0e7bfe23d7db415eb21,0.02927063339731286,61000,20,583000,,SRS016752.tar.bz2,1eb9ea2e,29815000
95000,0.0031863156129465033,0.021844660194174758,0.0018111688747274861,0.0018111688747274861,,,,"GCF_000227295.1 Cutibacterium avidum ATCC 25577 strain=ATCC 25577, ASM22729v1",/mnt/HDD/kia/HMP_reference/gtdb-rs207.genomic-reps.dna.k31.zip,639e64517aa790c6b3ed1747dd35d801,0.03843042071197411,54000,21,529000,,SRS016752.tar.bz2,1eb9ea2e,29815000
557000,0.018681871541170552,0.022559652928416486,0.0017440885460338756,0.0017440885460338756,,,,"GCF_016127015.1 Corynebacterium tuberculostearicum strain=FDAARGOS_993, ASM1612701v1",/mnt/HDD/kia/HMP_reference/gtdb-rs207.genomic-reps.dna.k31.zip,74c4ea8211b98e35d7dda10fb5dc1861,0.24164859002169198,52000,22,477000,,SRS016752.tar.bz2,1eb9ea2e,29815000
61000,0.002045950025155123,0.022192632046160676,0.001677008217340265,0.001677008217340265,,,,"GCF_900186975.1 Cutibacterium granulosum strain=NCTC11865, 50569_F01",/mnt/HDD/kia/HMP_reference/gtdb-rs207.genomic-reps.dna.k31.zip,737acad50d16ca56da72f9d2a7ffd059,0.027075011096316024,50000,23,427000,,SRS016752.tar.bz2,1eb9ea2e,29815000
