intersect_bp,f_orig_query,f_match,f_unique_to_query,f_unique_weighted,average_abund,median_abund,std_abund,name,filename,md5,f_match_orig,unique_intersect_bp,gather_result_rank,remaining_bp,query_filename,query_name,query_md5,query_bp
1417000,0.03672126049549083,0.5030173943911963,0.03672126049549083,0.03672126049549083,,,,"GCF_011612265.2 Corynebacterium matruchotii strain=ATCC 14266, ASM1161226v2",/mnt/HDD/kia/HMP_reference/gtdb-rs207.genomic-reps.dna.k31.zip,db37b4d014ce2defcf45ffa5d152f30d,0.5030173943911963,1417000,0,12045000,,SRS046973.tar.bz2,d0aa697e,38588000
1340000,0.034725821498911576,0.551440329218107,0.034725821498911576,0.034725821498911576,,,,"GCF_003030305.1 Cutibacterium acnes strain=ATCC 6919, ASM303030v1",/mnt/HDD/kia/HMP_reference/gtdb-rs207.genomic-reps.dna.k31.zip,ff021938b2e5aeb2c3d43194bd8f6fed,0.551440329218107,1340000,1,10705000,,SRS046973.tar.bz2,d0aa697e,38588000
1000000,0.02591479216336685,0.42337002540220153,0.02591479216336685,0.02591479216336685,,,,"GCF_006742205.1 Staphylococcus epidermidis strain=NBRC 100911, ASM674220v1",/mnt/HDD/kia/HMP_reference/gtdb-rs207.genomic-reps.dna.k31.zip,573514f3d349904ef56eb74c28c247d7,0.42337002540220153,1000000,2,9705000,,SRS046973.tar.bz2,d0aa697e,38588000
749000,0.01941017933036177,0.2798953662182362,0.01941017933036177,0.01941017933036177,,,,"GCF_000411115.1 Capnocytophaga granulosa ATCC 51502 strain=ATCC 51502, Capn_gran_ATCC_51502_V1",/mnt/HDD/kia/HMP_reference/gtdb-rs207.genomic-reps.dna.k31.zip,6bc7a48b8662c9ae05f1365f18e4740a,0.2798953662182362,749000,3,8956000,,SRS046973.tar.bz2,d0aa697e,38588000
573000,0.014849175909609205,0.2193897257628428,0.01471960194879237,0.01471960194879237,,,,"GCF_002154655.1 Corynebacterium kefirresidentii strain=SB, ASM215465v1",/mnt/HDD/kia/HMP_reference/gtdb-rs207.genomic-reps.dna.k31.zip,6a7c544dce2b6d683a1acb703e969a91,0.2213209733487833,568000,4,8388000,,SRS046973.tar.bz2,d0aa697e,38588000
395000,0.010236342904529905,0.12535793827553293,0.010210428112366539,0.010210428112366539,,,,"GCF_006546825.1 Actinomyces oris strain=CCUG 34288, ASM654682v1",/mnt/HDD/kia/HMP_reference/gtdb-rs207.genomic-reps.dna.k31.zip,e8605a9ea870c376247ec0446d5ce47b,0.1256761056315622,394000,5,7994000,,SRS046973.tar.bz2,d0aa697e,38588000
392000,0.010158598528039806,0.14615958240119314,0.010158598528039806,0.010158598528039806,,,,"GCF_001809325.1 Neisseria sp. HMSC077D05 strain=HMSC077D05, ASM180932v1",/mnt/HDD/kia/HMP_reference/gtdb-rs207.genomic-reps.dna.k31.zip,26e724c8ef05e477992d5450a3a8b8e1,0.14615958240119314,392000,6,7602000,,SRS046973.tar.bz2,d0aa697e,38588000
375000,0.009718047061262568,0.13943607570490538,0.009355239970975433,0.009355239970975433,,,,"GCF_017565765.1 Capnocytophaga bilenii strain=Marseille-Q4570, ASM1756576v1",/mnt/HDD/kia/HMP_reference/gtdb-rs207.genomic-reps.dna.k31.zip,c8e923e299737f0218c25728b7298c59,0.14484356894553882,361000,7,7241000,,SRS046973.tar.bz2,d0aa697e,38588000
367000,0.009510728723955635,0.1350210970464135,0.009122006841505131,0.009122006841505131,,,,"GCF_000023285.1 Capnocytophaga ochracea DSM 7271 strain=DSM 7271, ASM2328v1",/mnt/HDD/kia/HMP_reference/gtdb-rs207.genomic-reps.dna.k31.zip,9992f43a0b92937efe6d6dd3bef10d33,0.14077483697736862,352000,8,6889000,,SRS046973.tar.bz2,d0aa697e,38588000
379000,0.009821706229916035,0.15522800552740673,0.008733284959054628,0.008733284959054628,,,,"GCF_005221305.1 Neisseria subflava strain=ATCC 49275, ASM522130v1",/mnt/HDD/kia/HMP_reference/gtdb-rs207.genomic-reps.dna.k31.zip,0fd86705267e4a630e0dde22c9afb2d5,0.17457392906494704,337000,9,6552000,,SRS046973.tar.bz2,d0aa697e,38588000
280000,0.007256141805742718,0.09880028228652082,0.007256141805742718,0.007256141805742718,,,,"GCF_001262075.1 Ottowia sp. oral taxon 894 strain=W10237, ASM126207v1",/mnt/HDD/kia/HMP_reference/gtdb-rs207.genomic-reps.dna.k31.zip,8fcaa79dc96109474b6308838112294a,0.09880028228652082,280000,10,6272000,,SRS046973.tar.bz2,d0aa697e,38588000
279000,0.007230227013579351,0.11454470539761022,0.0072043122214159845,0.0072043122214159845,,,,"GCF_001457555.1 Fusobacterium nucleatum subsp. polymorphum strain=NCTC10562, NCTC10562",/mnt/HDD/kia/HMP_reference/gtdb-rs207.genomic-reps.dna.k31.zip,1cfb9c2c8c5ece22c205b7cb1cb18cc6,0.11495673671199011,278000,11,5994000,,SRS046973.tar.bz2,d0aa697e,38588000
276000,0.00715248263708925,0.12813370473537605,0.00715248263708925,0.00715248263708925,,,,"GCF_014647755.1 Porphyromonas pasteri strain=JCM 30531, ASM1464775v1",/mnt/HDD/kia/HMP_reference/gtdb-rs207.genomic-reps.dna.k31.zip,2a81c1b7e89daa651c5a51bffe9edaf9,0.12813370473537605,276000,12,5718000,,SRS046973.tar.bz2,d0aa697e,38588000
248000,0.006426868456514979,0.1318447634237108,0.006426868456514979,0.006426868456514979,,,,"GCF_001578705.1 Streptococcus oralis strain=DD05, ASM157870v1",/mnt/HDD/kia/HMP_reference/gtdb-rs207.genomic-reps.dna.k31.zip,8b62bf25e56a1baa70e35fba950434cf,0.1318447634237108,248000,13,5470000,,SRS046973.tar.bz2,d0aa697e,38588000
257000,0.00666010158598528,0.08761904761904762,0.005960402197574375,0.005960402197574375,,,,"GCF_000174755.1 Capnocytophaga gingivalis ATCC 33624 strain=ATCC 33624, ASM17475v1",/mnt/HDD/kia/HMP_reference/gtdb-rs207.genomic-reps.dna.k31.zip,d01e6cee5fb78e4c7276baf9e03ef249,0.09790476190476191,230000,14,5240000,,SRS046973.tar.bz2,d0aa697e,38588000
229000,0.005934487405411009,0.10214094558429973,0.005934487405411009,0.005934487405411009,,,,"GCF_902810435.1 Veillonella parvula strain=SKV38, SKV38",/mnt/HDD/kia/HMP_reference/gtdb-rs207.genomic-reps.dna.k31.zip,92fffacc05525a8c6779bf5455282783,0.10214094558429973,229000,15,5011000,,SRS046973.tar.bz2,d0aa697e,38588000
211000,0.005468021146470405,0.11702717692734331,0.005468021146470405,0.005468021146470405,,,,"GCF_902460625.1 Campylobacter concisus, 2010-1718",/mnt/HDD/kia/HMP_reference/gtdb-rs207.genomic-reps.dna.k31.zip,d124aec257367ae902fe0dc465fddf6d,0.11702717692734331,211000,16,4800000,,SRS046973.tar.bz2,d0aa697e,38588000
274000,0.007100653052762517,0.06505144374377697,0.005079299264019903,0.005079299264019903,,,,"GCF_001956585.1 Actinomyces naeslundii strain=NCTC 10301, ASM195658v1",/mnt/HDD/kia/HMP_reference/gtdb-rs207.genomic-reps.dna.k31.zip,9196730273108bdb75cdf35e1ddeada2,0.09093926319283106,196000,17,4604000,,SRS046973.tar.bz2,d0aa697e,38588000
189000,0.0048978957188763345,0.049499116087212726,0.004353685083445631,0.004353685083445631,,,,"GCF_000269805.1 Actinomyces massiliensis 4401292 strain=4401292, ASM26980v1",/mnt/HDD/kia/HMP_reference/gtdb-rs207.genomic-reps.dna.k31.zip,b8d9b3912ab1d72c40680ab960f15ed9,0.05568650559811432,168000,18,4436000,,SRS046973.tar.bz2,d0aa697e,38588000
167000,0.004327770291282264,0.04895311117664406,0.004301855499118897,0.004301855499118897,,,,"GCF_900637725.1 Pseudopropionibacterium propionicum strain=NCTC12967, 52551_C01",/mnt/HDD/kia/HMP_reference/gtdb-rs207.genomic-reps.dna.k31.zip,10bd37bd6f1a63359b7945b88d23b0c3,0.049248009436744324,166000,19,4270000,,SRS046973.tar.bz2,d0aa697e,38588000
166000,0.004301855499118897,0.039963942307692304,0.003446667357727791,0.003446667357727791,,,,"GCF_000429265.1 Actinomyces gerencseriae DSM 6844 strain=DSM 6844, ASM42926v1",/mnt/HDD/kia/HMP_reference/gtdb-rs207.genomic-reps.dna.k31.zip,8102edb0079a0f4f6baf7d5cfab47595,0.049879807692307696,133000,20,4137000,,SRS046973.tar.bz2,d0aa697e,38588000
132000,0.0034207525655644243,0.05365853658536585,0.0034207525655644243,0.0034207525655644243,,,,"GCF_000164695.2 Rothia dentocariosa ATCC 17931 strain=ATCC 17931, ASM16469v2",/mnt/HDD/kia/HMP_reference/gtdb-rs207.genomic-reps.dna.k31.zip,749b0a6cf814c3c640e32fe578204f06,0.05365853658536585,132000,21,4005000,,SRS046973.tar.bz2,d0aa697e,38588000
248000,0.006426868456514979,0.06615776081424936,0.0033689229812376904,0.0033689229812376904,,,,"GCF_016028255.1 Streptococcus oralis strain=FDAARGOS_885, ASM1602825v1",/mnt/HDD/kia/HMP_reference/gtdb-rs207.genomic-reps.dna.k31.zip,4ddcff7b8ea59e2d5ce7a6ace456fe4a,0.12620865139949108,130000,22,3875000,,SRS046973.tar.bz2,d0aa697e,38588000
156000,0.0040427075774852285,0.04939271255060729,0.0031616046439307557,0.0031616046439307557,,,,"GCF_003054025.1 Capnocytophaga leadbetteri strain=DSM 22902, ASM305402v1",/mnt/HDD/kia/HMP_reference/gtdb-rs207.genomic-reps.dna.k31.zip,9d140b7093df5b32f942fccdc2690841,0.06315789473684211,122000,23,3753000,,SRS046973.tar.bz2,d0aa697e,38588000
117000,0.0030320306831139216,0.12473118279569892,0.0030061158909505544,0.0030061158909505544,,,,"GCA_905373835.1 Candidatus Saccharibacteria bacterium, SRR9217492-mag-bin.7",/mnt/HDD/kia/HMP_reference/gtdb-rs207.genomic-reps.dna.k31.zip,23b0b373cc9f2b2c63518f396723caba,0.12580645161290321,116000,24,3637000,,SRS046973.tar.bz2,d0aa697e,38588000
120000,0.003109775059604022,0.05004351610095736,0.0029802010987871877,0.0029802010987871877,,,,"GCF_000466165.1 Actinobaculum sp. oral taxon 183 str. F0552 strain=F0552, ASM46616v1",/mnt/HDD/kia/HMP_reference/gtdb-rs207.genomic-reps.dna.k31.zip,aed3f0e767fa832623733db8d6812289,0.05221932114882506,115000,25,3522000,,SRS046973.tar.bz2,d0aa697e,38588000
112000,0.002902456722297087,0.0504774897680764,0.0028765419301337203,0.0028765419301337203,,,,"GCF_000191405.1 Haemophilus parainfluenzae ATCC 33392 strain=ATCC 33392, ASM19140v1",/mnt/HDD/kia/HMP_reference/gtdb-rs207.genomic-reps.dna.k31.zip,fbfb9299b266913d2d2b6175ee509a88,0.05093224192814916,111000,26,3411000,,SRS046973.tar.bz2,d0aa697e,38588000
112000,0.002902456722297087,0.044444444444444446,0.0028506271379703536,0.0028506271379703536,,,,"GCF_000023905.1 Leptotrichia buccalis C-1013-b strain=DSM 1135, ASM2390v1",/mnt/HDD/kia/HMP_reference/gtdb-rs207.genomic-reps.dna.k31.zip,3c5d89372abd843c1cce41914e09bd9c,0.04525252525252525,110000,27,3301000,,SRS046973.tar.bz2,d0aa697e,38588000
110000,0.0028506271379703536,0.03753443526170799,0.002824712345806987,0.002824712345806987,,,,"GCF_003033925.1 Tannerella sp. oral taxon HOT-286 strain=W11666, ASM303392v1",/mnt/HDD/kia/HMP_reference/gtdb-rs207.genomic-reps.dna.k31.zip,dbcc388ee34ed84a5d552436ff55b184,0.03787878787878788,109000,28,3192000,,SRS046973.tar.bz2,d0aa697e,38588000
108000,0.0027987975536436197,0.03601480982834063,0.002772882761480253,0.002772882761480253,,,,"GCF_003862475.1 Lachnoanaerobaculum gingivalis strain=KCOM 2030, ASM386247v1",/mnt/HDD/kia/HMP_reference/gtdb-rs207.genomic-reps.dna.k31.zip,736901e69d2f50efaecee062c1d47d3a,0.03635139683608213,107000,29,3085000,,SRS046973.tar.bz2,d0aa697e,38588000
107000,0.002772882761480253,0.04360711261642676,0.0026692235928267856,0.0026692235928267856,,,,"GCF_001274535.1 Leptotrichia sp. oral taxon 212 strain=W10393, ASM127453v1",/mnt/HDD/kia/HMP_reference/gtdb-rs207.genomic-reps.dna.k31.zip,628c4b9cb0d1d0471b76cc307aaa0977,0.04530059271803556,103000,30,2982000,,SRS046973.tar.bz2,d0aa697e,38588000
328000,0.008500051829584326,0.034528997653369094,0.0026692235928267856,0.0026692235928267856,,,,"GCF_001553935.1 Actinomyces oris strain=T14V, ASM155393v1",/mnt/HDD/kia/HMP_reference/gtdb-rs207.genomic-reps.dna.k31.zip,b8fe439206f0708f15356748b7021bc7,0.10995641971169963,103000,31,2879000,,SRS046973.tar.bz2,d0aa697e,38588000
305000,0.00790401160982689,0.036966463414634144,0.0025137348398465843,0.0025137348398465843,,,,"GCA_001067655.1 Neisseria lactamica strain=919_NLAC, ASM106765v1",/mnt/HDD/kia/HMP_reference/gtdb-rs207.genomic-reps.dna.k31.zip,310915e0d251b78084d9dc704dbabc48,0.11623475609756098,97000,32,2782000,,SRS046973.tar.bz2,d0aa697e,38588000
204000,0.005286617601326838,0.02694090382387022,0.002410075671193117,0.002410075671193117,,,,"GCF_006546835.1 Actinomyces johnsonii strain=CCUG 34287, ASM654683v1",/mnt/HDD/kia/HMP_reference/gtdb-rs207.genomic-reps.dna.k31.zip,e6bf18aa7c3b0d11ffe126f84af6160f,0.05909617612977984,93000,33,2689000,,SRS046973.tar.bz2,d0aa697e,38588000
279000,0.007230227013579351,0.04120017913121361,0.00238416087902975,0.00238416087902975,,,,"GCF_001618015.1 Neisseria flavescens strain=CD-NF1, ASM161801v1",/mnt/HDD/kia/HMP_reference/gtdb-rs207.genomic-reps.dna.k31.zip,22d0f8f1d25f49937ad777e30f7c0412,0.12494402149574563,92000,34,2597000,,SRS046973.tar.bz2,d0aa697e,38588000
185000,0.004794236550222868,0.03849518810148731,0.002280501710376283,0.002280501710376283,,,,"GCF_014217355.1 Fusobacterium hwasookii strain=KCOM 1249, ASM1421735v1",/mnt/HDD/kia/HMP_reference/gtdb-rs207.genomic-reps.dna.k31.zip,8153343b50eda0f23db7f5d0a0310e89,0.08092738407699038,88000,35,2509000,,SRS046973.tar.bz2,d0aa697e,38588000
99000,0.002565564424173318,0.03362968689601856,0.002254586918212916,0.002254586918212916,,,,"GCA_002355935.1 Rothia aeria strain=JCM 11412, ASM235593v1",/mnt/HDD/kia/HMP_reference/gtdb-rs207.genomic-reps.dna.k31.zip,eb948218f0408dc18f5b24385de1af7d,0.038268264398917666,87000,36,2422000,,SRS046973.tar.bz2,d0aa697e,38588000
92000,0.00238416087902975,0.021331795906601326,0.0019176946200891469,0.0019176946200891469,,,,"GCF_000429225.1 Actinomyces dentalis DSM 19115 strain=DSM 19115, ASM42922v1",/mnt/HDD/kia/HMP_reference/gtdb-rs207.genomic-reps.dna.k31.zip,4e2a86f3a58b6056d541a4749fa9b1ca,0.026520611127125972,74000,37,2348000,,SRS046973.tar.bz2,d0aa697e,38588000
75000,0.0019436094122525138,0.046134663341645885,0.0019176946200891469,0.0019176946200891469,,,,"GCA_905371865.1 uncultured Carnobacterium sp., SRR9217391-mag-bin.7",/mnt/HDD/kia/HMP_reference/gtdb-rs207.genomic-reps.dna.k31.zip,467da779872b54227ff841115227d21f,0.046758104738154616,74000,38,2274000,,SRS046973.tar.bz2,d0aa697e,38588000
86000,0.002228672126049549,0.03290676416819013,0.0018658650357624132,0.0018658650357624132,,,,"GCF_001553855.1 Streptococcus gordonii strain=CCUG 33482, ASM155385v1",/mnt/HDD/kia/HMP_reference/gtdb-rs207.genomic-reps.dna.k31.zip,419095204c9ce692353e030f466fa6fe,0.03930530164533821,72000,39,2202000,,SRS046973.tar.bz2,d0aa697e,38588000
233000,0.006038146574064476,0.035864978902953586,0.0017622058671089458,0.0017622058671089458,,,,"GCF_003942695.1 Streptococcus mitis strain=KLC11, ASM394269v1",/mnt/HDD/kia/HMP_reference/gtdb-rs207.genomic-reps.dna.k31.zip,2a93265a76b2eeefc183109d1283ad3d,0.12289029535864979,68000,40,2134000,,SRS046973.tar.bz2,d0aa697e,38588000
62000,0.0016067171141287448,0.01561699948796723,0.0015808023219653778,0.0015808023219653778,,,,"GCF_000312305.1 Prevotella conceptionensis 9403948 strain=9403948, ASM31230v1",/mnt/HDD/kia/HMP_reference/gtdb-rs207.genomic-reps.dna.k31.zip,79fd310c646893da4a3f0a8fc81b14da,0.015873015873015872,61000,41,2073000,,SRS046973.tar.bz2,d0aa697e,38588000
61000,0.0015808023219653778,0.0333710407239819,0.0015289727376386441,0.0015289727376386441,,,,"GCA_013333875.2 Flavobacteriaceae bacterium, ASM1333387v2",/mnt/HDD/kia/HMP_reference/gtdb-rs207.genomic-reps.dna.k31.zip,8f3e9528ce12c678e28a195f4531dc1b,0.034502262443438916,59000,42,2014000,,SRS046973.tar.bz2,d0aa697e,38588000
304000,0.007878096817663523,0.021603808128890515,0.0015289727376386441,0.0015289727376386441,,,,"GCF_014054945.1 Neisseria sicca strain=DSM 17713, ASM1405494v1",/mnt/HDD/kia/HMP_reference/gtdb-rs207.genomic-reps.dna.k31.zip,8cc3eeed549c7bdaf1c555749526a783,0.11131453679970707,59000,43,1955000,,SRS046973.tar.bz2,d0aa697e,38588000
258000,0.006686016378148647,0.01807980049875312,0.0015030579454752772,0.0015030579454752772,,,,"GCF_001937445.1 Actinomyces oris strain=WE8B-23, ASM193744v1",/mnt/HDD/kia/HMP_reference/gtdb-rs207.genomic-reps.dna.k31.zip,b6e57108fd8f1c6224f3bcf4be4e8644,0.08042394014962594,58000,44,1897000,,SRS046973.tar.bz2,d0aa697e,38588000
246000,0.006375038872188245,0.024750118990956686,0.0013475691924950762,0.0013475691924950762,,,,"GCF_900654165.1 Neisseria flavescens strain=N13, PRJEB30649-R19",/mnt/HDD/kia/HMP_reference/gtdb-rs207.genomic-reps.dna.k31.zip,9e2f71ef359430d825b98076799ecf08,0.1170871013802951,52000,45,1845000,,SRS046973.tar.bz2,d0aa697e,38588000
68000,0.0017622058671089458,0.02063106796116505,0.0013216544003317094,0.0013216544003317094,,,,"GCF_001648475.1 Eikenella halliae strain=NML130454, ASM164847v1",/mnt/HDD/kia/HMP_reference/gtdb-rs207.genomic-reps.dna.k31.zip,db54946e196ab38e64e1243625378806,0.02750809061488673,51000,46,1794000,,SRS046973.tar.bz2,d0aa697e,38588000
53000,0.001373483984658443,0.024483917426788286,0.0013216544003317094,0.0013216544003317094,,,,"GCA_905373785.1 uncultured Johnsonella sp., SRR9217489-mag-bin.2",/mnt/HDD/kia/HMP_reference/gtdb-rs207.genomic-reps.dna.k31.zip,db6ded66ec3fe114101be7238876aeef,0.025444071051368217,51000,47,1743000,,SRS046973.tar.bz2,d0aa697e,38588000
106000,0.002746967969316886,0.01707970529135968,0.0013216544003317094,0.0013216544003317094,,,,"GCF_900446695.1 Capnocytophaga sputigena strain=NCTC11653, 48903_C01",/mnt/HDD/kia/HMP_reference/gtdb-rs207.genomic-reps.dna.k31.zip,c5ec673ee63571d9725458347fad9ecc,0.03549899531145345,51000,48,1692000,,SRS046973.tar.bz2,d0aa697e,38588000
136000,0.0035244117342178916,0.021691973969631236,0.0012957396081683425,0.0012957396081683425,,,,"GCF_013408445.1 Corynebacterium tuberculostearicum strain=DSM 44922, ASM1340844v1",/mnt/HDD/kia/HMP_reference/gtdb-rs207.genomic-reps.dna.k31.zip,8897c1bb4f3ce709a4ad43a0e85932fc,0.05900216919739696,50000,49,1642000,,SRS046973.tar.bz2,d0aa697e,38588000
52000,0.0013475691924950762,0.0169548999660902,0.0012957396081683425,0.0012957396081683425,,,,"GCF_000599605.1 Prevotella sp. HJM029 strain=HJM029, HJM029",/mnt/HDD/kia/HMP_reference/gtdb-rs207.genomic-reps.dna.k31.zip,ab8f9c85a3098c70e9af1a8b971c887b,0.017633095964733808,50000,50,1592000,,SRS046973.tar.bz2,d0aa697e,38588000
82000,0.0021250129573960816,0.0332667997338656,0.0012957396081683425,0.0012957396081683425,,,,"GCA_905371725.1 Leptotrichia sp. oral taxon 215, SRR9217389-mag-bin.7",/mnt/HDD/kia/HMP_reference/gtdb-rs207.genomic-reps.dna.k31.zip,5bd265dc3ce1b2a185fd525a3d61e29c,0.054557551563539586,50000,51,1542000,,SRS046973.tar.bz2,d0aa697e,38588000
