intersect_bp,f_orig_query,f_match,f_unique_to_query,f_unique_weighted,average_abund,median_abund,std_abund,name,filename,md5,f_match_orig,unique_intersect_bp,gather_result_rank,remaining_bp,query_filename,query_name,query_md5,query_bp
1549000,0.04895546916974811,0.7341232227488151,0.04895546916974811,0.04895546916974811,,,,"GCF_014838735.1 Limosilactobacillus sp. c11Ua_112_M strain=c11Ua_112_M, ASM1483873v1",/mnt/HDD/kia/HMP_reference/gtdb-rs207.genomic-reps.dna.k31.zip,c216842598404bf8b66e002da1157cf9,0.7341232227488151,1549000,0,3810000,,SRS014343.tar.bz2,02b07d0c,31641000
1233000,0.0389684270408647,0.7749842866121935,0.0389684270408647,0.0389684270408647,,,,"GCF_001436455.1 Lactobacillus jensenii DSM 20557 strain=DSM 20557, ASM143645v1",/mnt/HDD/kia/HMP_reference/gtdb-rs207.genomic-reps.dna.k31.zip,02ae1dee237653b18076f43ca5e8d71b,0.7749842866121935,1233000,1,2577000,,SRS014343.tar.bz2,02b07d0c,31641000
946000,0.029897917259252237,0.7192982456140351,0.029803103568155243,0.029803103568155243,,,,"GCF_000160875.1 Lactobacillus iners DSM 13335 strain=DSM 13335, ASM16087v1",/mnt/HDD/kia/HMP_reference/gtdb-rs207.genomic-reps.dna.k31.zip,a3c06acfd6e434dfc80d4cff3cf45af5,0.7215865751334859,943000,2,1634000,,SRS014343.tar.bz2,02b07d0c,31641000
533000,0.016845232451566005,0.22565622353937342,0.016845232451566005,0.016845232451566005,,,,"GCF_006742205.1 Staphylococcus epidermidis strain=NBRC 100911, ASM674220v1",/mnt/HDD/kia/HMP_reference/gtdb-rs207.genomic-reps.dna.k31.zip,573514f3d349904ef56eb74c28c247d7,0.22565622353937342,533000,3,1101000,,SRS014343.tar.bz2,02b07d0c,31641000
522000,0.016497582250877028,0.296508299942759,0.016371163996081035,0.016371163996081035,,,,"GCF_000014425.1 Lactobacillus gasseri ATCC 33323 = JCM 1131 strain=ATCC 33323, ASM1442v1",/mnt/HDD/kia/HMP_reference/gtdb-rs207.genomic-reps.dna.k31.zip,60d4841431ff37636c255efbaf97e19a,0.2987979393245564,518000,4,583000,,SRS014343.tar.bz2,02b07d0c,31641000
291000,0.009196928036408458,0.13393708293612966,0.008880882399418475,0.008880882399418475,,,,"GCF_018987235.1 Lactobacillus crispatus strain=ATCC 33820, ASM1898723v1",/mnt/HDD/kia/HMP_reference/gtdb-rs207.genomic-reps.dna.k31.zip,6b44659d997543a9bf23901261a5ef0d,0.13870352716873213,281000,5,302000,,SRS014343.tar.bz2,02b07d0c,31641000
190000,0.006004867102809646,0.030585795749092794,0.00186466925824089,0.00186466925824089,,,,"GCF_003584685.1 Lactobacillus paragasseri strain=JCM 5343, ASM358468v1",/mnt/HDD/kia/HMP_reference/gtdb-rs207.genomic-reps.dna.k31.zip,140971a553c83aacdcd379fbd605b0f0,0.09849663037843442,59000,6,243000,,SRS014343.tar.bz2,02b07d0c,31641000
57000,0.0018014601308428938,0.011606597434331093,0.0018014601308428938,0.0018014601308428938,,,,"GCF_003697165.2 Escherichia coli DSM 30083 = JCM 1649 = ATCC 11775 strain=ATCC 11775, ASM369716v2",/mnt/HDD/kia/HMP_reference/gtdb-rs207.genomic-reps.dna.k31.zip,60bfe150353edefcbd7db7314951359d,0.011606597434331093,57000,7,186000,,SRS014343.tar.bz2,02b07d0c,31641000
53000,0.0016750418760469012,0.027777777777777776,0.0016750418760469012,0.0016750418760469012,,,,"GCF_905187535.1 Streptococcus mitis, MSCx",/mnt/HDD/kia/HMP_reference/gtdb-rs207.genomic-reps.dna.k31.zip,4b1505b48926eec1ae9a2c91f2adeaab,0.027777777777777776,53000,8,133000,,SRS014343.tar.bz2,02b07d0c,31641000
