intersect_bp,f_orig_query,f_match,f_unique_to_query,f_unique_weighted,average_abund,median_abund,std_abund,name,filename,md5,f_match_orig,unique_intersect_bp,gather_result_rank,remaining_bp,query_filename,query_name,query_md5,query_bp
2418000,0.06456781222462549,0.9950617283950617,0.06456781222462549,0.06456781222462549,,,,"GCF_003030305.1 Cutibacterium acnes strain=ATCC 6919, ASM303030v1",/mnt/HDD/kia/HMP_reference/gtdb-rs207.genomic-reps.dna.k31.zip,ff021938b2e5aeb2c3d43194bd8f6fed,0.9950617283950617,2418000,0,8399000,,SRS015937.tar.bz2,f26188ea,37449000
2142000,0.05719778899303052,0.9068585944115156,0.05719778899303052,0.05719778899303052,,,,"GCF_006742205.1 Staphylococcus epidermidis strain=NBRC 100911, ASM674220v1",/mnt/HDD/kia/HMP_reference/gtdb-rs207.genomic-reps.dna.k31.zip,573514f3d349904ef56eb74c28c247d7,0.9068585944115156,2142000,1,6257000,,SRS015937.tar.bz2,f26188ea,37449000
1522000,0.04064193970466501,0.9694267515923567,0.04064193970466501,0.04064193970466501,,,,"GCA_003241315.1 Lawsonella clevelandensis, ASM324131v1",/mnt/HDD/kia/HMP_reference/gtdb-rs207.genomic-reps.dna.k31.zip,615e5c6c38f626bff2360eec57680c79,0.9694267515923567,1522000,2,4735000,,SRS015937.tar.bz2,f26188ea,37449000
1512000,0.04037490987743331,0.6277523888658081,0.04034820689471014,0.04034820689471014,,,,"GCF_000159115.1 Corynebacterium accolens ATCC 49725 strain=ATCC 49725, ASM15911v1",/mnt/HDD/kia/HMP_reference/gtdb-rs207.genomic-reps.dna.k31.zip,30fc14d53964d66f039fe9009573cee3,0.6281678437889489,1511000,3,3224000,,SRS015937.tar.bz2,f26188ea,37449000
944000,0.025207615690672647,0.5198237885462555,0.025207615690672647,0.025207615690672647,,,,"GCF_000245815.1 Dolosigranulum pigrum ATCC 51524 strain=ATCC 51524, Dolo_pigr_ATCC_51524_V1",/mnt/HDD/kia/HMP_reference/gtdb-rs207.genomic-reps.dna.k31.zip,786730e4a7016d177710bc545c7918ca,0.5198237885462555,944000,4,2280000,,SRS015937.tar.bz2,f26188ea,37449000
316000,0.008438142540521776,0.11205501618122977,0.007396726214318139,0.007396726214318139,,,,"GCF_000227295.1 Cutibacterium avidum ATCC 25577 strain=ATCC 25577, ASM22729v1",/mnt/HDD/kia/HMP_reference/gtdb-rs207.genomic-reps.dna.k31.zip,639e64517aa790c6b3ed1747dd35d801,0.127831715210356,277000,5,2003000,,SRS015937.tar.bz2,f26188ea,37449000
251000,0.006702448663515714,0.08497489378138277,0.005874656199097439,0.005874656199097439,,,,"GCF_002154655.1 Corynebacterium kefirresidentii strain=SB, ASM215465v1",/mnt/HDD/kia/HMP_reference/gtdb-rs207.genomic-reps.dna.k31.zip,6a7c544dce2b6d683a1acb703e969a91,0.09694862881421398,220000,6,1783000,,SRS015937.tar.bz2,f26188ea,37449000
196000,0.005233784613741355,0.07711138310893513,0.005046863734679163,0.005046863734679163,,,,"GCF_001792775.2 Staphylococcus pseudintermedius strain=LMG 22219, ASM179277v2",/mnt/HDD/kia/HMP_reference/gtdb-rs207.genomic-reps.dna.k31.zip,acf1a97ea031e874e2b08d6089add438,0.0799673602611179,189000,7,1594000,,SRS015937.tar.bz2,f26188ea,37449000
198000,0.005287190579187695,0.0821127385707945,0.004940051803786483,0.004940051803786483,,,,"GCF_900186975.1 Cutibacterium granulosum strain=NCTC11865, 50569_F01",/mnt/HDD/kia/HMP_reference/gtdb-rs207.genomic-reps.dna.k31.zip,737acad50d16ca56da72f9d2a7ffd059,0.08788282290279627,185000,8,1409000,,SRS015937.tar.bz2,f26188ea,37449000
186000,0.004966754786509653,0.09902597402597403,0.004886645838340142,0.004886645838340142,,,,"GCF_900445265.1 Anaerococcus octavius strain=NCTC9810, 51765_E01",/mnt/HDD/kia/HMP_reference/gtdb-rs207.genomic-reps.dna.k31.zip,241cbbfed00807dab6c63c4d320f3bbc,0.10064935064935066,183000,9,1226000,,SRS015937.tar.bz2,f26188ea,37449000
629000,0.01679617613287404,0.07281553398058252,0.004806536890170632,0.004806536890170632,,,,"GCF_000478175.1 Corynebacterium sp. KPL1814 strain=KPL1814, Cory_sp_KPL1814_V1",/mnt/HDD/kia/HMP_reference/gtdb-rs207.genomic-reps.dna.k31.zip,4cde657a6de5dd95199d6e1d2ee0d378,0.2544498381877023,180000,10,1046000,,SRS015937.tar.bz2,f26188ea,37449000
176000,0.004699724959277951,0.048087431693989074,0.004699724959277951,0.004699724959277951,,,,"GCA_003755025.1 Diaphorobacter nitroreducens strain=DSM 15985, ASM375502v1",/mnt/HDD/kia/HMP_reference/gtdb-rs207.genomic-reps.dna.k31.zip,ffed4fe7b52efa96173003b176cfc2ca,0.048087431693989074,176000,11,870000,,SRS015937.tar.bz2,f26188ea,37449000
161000,0.0042991802184303984,0.08407777193904362,0.004272477235707228,0.004272477235707228,,,,"GCF_002989035.1 Haemophilus influenzae strain=99P15H1, ASM298903v1",/mnt/HDD/kia/HMP_reference/gtdb-rs207.genomic-reps.dna.k31.zip,6f7736b255362a9aa7ca0140cb9da1dc,0.08460325801366264,160000,12,710000,,SRS015937.tar.bz2,f26188ea,37449000
112000,0.0029907340649950598,0.046822742474916385,0.0029907340649950598,0.0029907340649950598,,,,"GCF_006503695.1 Tepidiphilus succinatimandens strain=DSM 15512, ASM650369v1",/mnt/HDD/kia/HMP_reference/gtdb-rs207.genomic-reps.dna.k31.zip,f8d0fd1d270486754f24d214c6b95da3,0.046822742474916385,112000,13,598000,,SRS015937.tar.bz2,f26188ea,37449000
84000,0.002243050548746295,0.04666666666666667,0.002243050548746295,0.002243050548746295,,,,"GCA_011054805.1 Hydrogenobacter sp., ASM1105480v1",/mnt/HDD/kia/HMP_reference/gtdb-rs207.genomic-reps.dna.k31.zip,4c215550abb0b4a0d8fe670f9d5c388b,0.04666666666666667,84000,14,514000,,SRS015937.tar.bz2,f26188ea,37449000
167000,0.0044593981147694195,0.031261913839115515,0.0021896445832999545,0.0021896445832999545,,,,"GCF_008326345.1 Cutibacterium sp. M12 strain=M12, ASM832634v1",/mnt/HDD/kia/HMP_reference/gtdb-rs207.genomic-reps.dna.k31.zip,9a7d83510c12b8ec999fdb0e9d4cad82,0.06366755623332063,82000,15,432000,,SRS015937.tar.bz2,f26188ea,37449000
245000,0.006542230767176693,0.031223628691983123,0.001976020721514593,0.001976020721514593,,,,"GCF_001642025.1 [Propionibacterium] namnetense strain=NTS 31307302, ASM164202v1",/mnt/HDD/kia/HMP_reference/gtdb-rs207.genomic-reps.dna.k31.zip,ddeb72b30b6fb2c315bf4b2a7aa36fd8,0.10337552742616034,74000,16,358000,,SRS015937.tar.bz2,f26188ea,37449000
