intersect_bp,f_orig_query,f_match,f_unique_to_query,f_unique_weighted,average_abund,median_abund,std_abund,name,filename,md5,f_match_orig,unique_intersect_bp,gather_result_rank,remaining_bp,query_filename,query_name,query_md5,query_bp
2159000,0.06761454386019855,0.8884773662551441,0.06761454386019855,0.06761454386019855,,,,"GCF_003030305.1 Cutibacterium acnes strain=ATCC 6919, ASM303030v1",/mnt/HDD/kia/HMP_reference/gtdb-rs207.genomic-reps.dna.k31.zip,ff021938b2e5aeb2c3d43194bd8f6fed,0.8884773662551441,2159000,0,10770000,,SRS063035.tar.bz2,bc77b7ab,31931000
2111000,0.06611130249600701,0.8937341236240475,0.06611130249600701,0.06611130249600701,,,,"GCF_006742205.1 Staphylococcus epidermidis strain=NBRC 100911, ASM674220v1",/mnt/HDD/kia/HMP_reference/gtdb-rs207.genomic-reps.dna.k31.zip,573514f3d349904ef56eb74c28c247d7,0.8937341236240475,2111000,1,8659000,,SRS063035.tar.bz2,bc77b7ab,31931000
1163000,0.03642228555322414,0.483174075612796,0.03642228555322414,0.03642228555322414,,,,"GCF_000159115.1 Corynebacterium accolens ATCC 49725 strain=ATCC 49725, ASM15911v1",/mnt/HDD/kia/HMP_reference/gtdb-rs207.genomic-reps.dna.k31.zip,30fc14d53964d66f039fe9009573cee3,0.483174075612796,1163000,2,7496000,,SRS063035.tar.bz2,bc77b7ab,31931000
1075000,0.03366634305220632,0.48885857207821737,0.03366634305220632,0.03366634305220632,,,,"GCF_001679005.1 Moraxella nonliquefaciens strain=CCUG 348, ASM167900v1",/mnt/HDD/kia/HMP_reference/gtdb-rs207.genomic-reps.dna.k31.zip,6be8f14666fc6f37947f0fa1e6c9b423,0.48885857207821737,1075000,3,6421000,,SRS063035.tar.bz2,bc77b7ab,31931000
998000,0.031254893363815726,0.6350318471337579,0.03122357583539507,0.03122357583539507,,,,"GCA_003241315.1 Lawsonella clevelandensis, ASM324131v1",/mnt/HDD/kia/HMP_reference/gtdb-rs207.genomic-reps.dna.k31.zip,615e5c6c38f626bff2360eec57680c79,0.6356687898089172,997000,4,5424000,,SRS063035.tar.bz2,bc77b7ab,31931000
739000,0.023143653502865555,0.2789731974329936,0.023143653502865555,0.023143653502865555,,,,"GCF_003044565.1 Neisseria sicca strain=C2010005502, ASM304456v1",/mnt/HDD/kia/HMP_reference/gtdb-rs207.genomic-reps.dna.k31.zip,423dc6a7944b3f328a7a8f97d293b2c7,0.2789731974329936,739000,5,4685000,,SRS063035.tar.bz2,bc77b7ab,31931000
581000,0.01819548401240174,0.21050598686751643,0.01706805298925809,0.01706805298925809,,,,"GCF_002154655.1 Corynebacterium kefirresidentii strain=SB, ASM215465v1",/mnt/HDD/kia/HMP_reference/gtdb-rs207.genomic-reps.dna.k31.zip,6a7c544dce2b6d683a1acb703e969a91,0.22441096948628814,545000,6,4140000,,SRS063035.tar.bz2,bc77b7ab,31931000
442000,0.013842347561930413,0.1457700650759219,0.010522689549340766,0.010522689549340766,,,,"GCF_016127015.1 Corynebacterium tuberculostearicum strain=FDAARGOS_993, ASM1612701v1",/mnt/HDD/kia/HMP_reference/gtdb-rs207.genomic-reps.dna.k31.zip,74c4ea8211b98e35d7dda10fb5dc1861,0.19175704989154013,336000,7,3804000,,SRS063035.tar.bz2,bc77b7ab,31931000
204000,0.006388775797814036,0.10024570024570024,0.006388775797814036,0.006388775797814036,,,,"GCF_000160075.2 Abiotrophia defectiva ATCC 49176 strain=ATCC 49176, ASM16007v2",/mnt/HDD/kia/HMP_reference/gtdb-rs207.genomic-reps.dna.k31.zip,eb7e97ab5c39ec0da7cf3d959939544b,0.10024570024570024,204000,8,3600000,,SRS063035.tar.bz2,bc77b7ab,31931000
181000,0.005668472644138924,0.05878510777269758,0.005637155115718268,0.005637155115718268,,,,"GCF_900637555.1 Lautropia mirabilis strain=NCTC12852, 51726_E01",/mnt/HDD/kia/HMP_reference/gtdb-rs207.genomic-reps.dna.k31.zip,5bb167c321b3d5ddc328e1d5bcda4a1e,0.05911169170476813,180000,9,3420000,,SRS063035.tar.bz2,bc77b7ab,31931000
173000,0.005417932416773668,0.10810810810810811,0.0053866148883530115,0.0053866148883530115,,,,"GCA_905369855.1 Streptococcus oralis, DRR046084-mag-bin.1",/mnt/HDD/kia/HMP_reference/gtdb-rs207.genomic-reps.dna.k31.zip,e09303bccfd5862885f8dc3b492ee7aa,0.10873664362036455,172000,10,3248000,,SRS063035.tar.bz2,bc77b7ab,31931000
145000,0.004541041620995271,0.06299212598425197,0.004509724092574614,0.004509724092574614,,,,"GCF_014217355.1 Fusobacterium hwasookii strain=KCOM 1249, ASM1421735v1",/mnt/HDD/kia/HMP_reference/gtdb-rs207.genomic-reps.dna.k31.zip,8153343b50eda0f23db7f5d0a0310e89,0.06342957130358705,144000,11,3104000,,SRS063035.tar.bz2,bc77b7ab,31931000
473000,0.01481319094297078,0.0505663430420712,0.00391469105258213,0.00391469105258213,,,,"GCF_000478175.1 Corynebacterium sp. KPL1814 strain=KPL1814, Cory_sp_KPL1814_V1",/mnt/HDD/kia/HMP_reference/gtdb-rs207.genomic-reps.dna.k31.zip,4cde657a6de5dd95199d6e1d2ee0d378,0.1913430420711974,125000,12,2979000,,SRS063035.tar.bz2,bc77b7ab,31931000
115000,0.00360151576837556,0.0636766334440753,0.00360151576837556,0.00360151576837556,,,,"GCF_900106515.1 Peptoniphilus lacydonensis strain=EL1, PRJEB16530",/mnt/HDD/kia/HMP_reference/gtdb-rs207.genomic-reps.dna.k31.zip,b4b406f34659b0ee300ff2dee0f6de99,0.0636766334440753,115000,13,2864000,,SRS063035.tar.bz2,bc77b7ab,31931000
109000,0.0034136105978516177,0.04424778761061947,0.0032883404841689895,0.0032883404841689895,,,,"GCF_900635155.1 Streptococcus sanguinis strain=NCTC 10904, 36725_F02",/mnt/HDD/kia/HMP_reference/gtdb-rs207.genomic-reps.dna.k31.zip,66031a1503fe0e191f4183dee9c94959,0.04593341761483354,105000,14,2759000,,SRS063035.tar.bz2,bc77b7ab,31931000
103000,0.003225705427327675,0.045495093666369314,0.003194387898907018,0.003194387898907018,,,,"GCF_902810435.1 Veillonella parvula strain=SKV38, SKV38",/mnt/HDD/kia/HMP_reference/gtdb-rs207.genomic-reps.dna.k31.zip,92fffacc05525a8c6779bf5455282783,0.04594112399643176,102000,15,2657000,,SRS063035.tar.bz2,bc77b7ab,31931000
97000,0.003037800256803733,0.030544066178810055,0.003006482728383076,0.003006482728383076,,,,"GCF_006546825.1 Actinomyces oris strain=CCUG 34288, ASM654682v1",/mnt/HDD/kia/HMP_reference/gtdb-rs207.genomic-reps.dna.k31.zip,e8605a9ea870c376247ec0446d5ce47b,0.030862233534839325,96000,16,2561000,,SRS063035.tar.bz2,bc77b7ab,31931000
127000,0.003977326109423444,0.04954227248249865,0.002881212614700448,0.002881212614700448,,,,"GCF_000959945.1 Streptococcus oralis subsp. oralis strain=COL85/1862, ASM95994v1",/mnt/HDD/kia/HMP_reference/gtdb-rs207.genomic-reps.dna.k31.zip,8aebbd80a8fa54b6e9574142f2183366,0.0683898761443188,92000,17,2469000,,SRS063035.tar.bz2,bc77b7ab,31931000
191000,0.005981647928345495,0.0454318522216675,0.002849895086279791,0.002849895086279791,,,,"GCF_001815865.1 Abiotrophia sp. HMSC24B09 strain=HMSC24B09, ASM181586v1",/mnt/HDD/kia/HMP_reference/gtdb-rs207.genomic-reps.dna.k31.zip,3add8597fbd66eb23bb0a51208f0516f,0.09535696455317025,91000,18,2378000,,SRS063035.tar.bz2,bc77b7ab,31931000
354000,0.011086405060912593,0.0386117136659436,0.0027872600294384766,0.0027872600294384766,,,,"GCF_013408445.1 Corynebacterium tuberculostearicum strain=DSM 44922, ASM1340844v1",/mnt/HDD/kia/HMP_reference/gtdb-rs207.genomic-reps.dna.k31.zip,8897c1bb4f3ce709a4ad43a0e85932fc,0.15357917570498916,89000,19,2289000,,SRS063035.tar.bz2,bc77b7ab,31931000
89000,0.0027872600294384766,0.04131847725162489,0.0027872600294384766,0.0027872600294384766,,,,"GCF_014647755.1 Porphyromonas pasteri strain=JCM 30531, ASM1464775v1",/mnt/HDD/kia/HMP_reference/gtdb-rs207.genomic-reps.dna.k31.zip,2a81c1b7e89daa651c5a51bffe9edaf9,0.04131847725162489,89000,20,2200000,,SRS063035.tar.bz2,bc77b7ab,31931000
89000,0.0027872600294384766,0.03725656223539373,0.0027559425010178196,0.0027559425010178196,,,,"GCF_001274535.1 Leptotrichia sp. oral taxon 212 strain=W10393, ASM127453v1",/mnt/HDD/kia/HMP_reference/gtdb-rs207.genomic-reps.dna.k31.zip,628c4b9cb0d1d0471b76cc307aaa0977,0.03767993226079593,88000,21,2112000,,SRS063035.tar.bz2,bc77b7ab,31931000
83000,0.0025993548589145344,0.031546940326871914,0.0025993548589145344,0.0025993548589145344,,,,"GCF_000318095.2 Prevotella sp. oral taxon 473 str. F0040 strain=F0040, ASM31809v2",/mnt/HDD/kia/HMP_reference/gtdb-rs207.genomic-reps.dna.k31.zip,11690a09ff48094e5a4eb7015e642776,0.031546940326871914,83000,22,2029000,,SRS063035.tar.bz2,bc77b7ab,31931000
157000,0.004916851962043156,0.031261913839115515,0.0025680373304938775,0.0025680373304938775,,,,"GCF_008326345.1 Cutibacterium sp. M12 strain=M12, ASM832634v1",/mnt/HDD/kia/HMP_reference/gtdb-rs207.genomic-reps.dna.k31.zip,9a7d83510c12b8ec999fdb0e9d4cad82,0.059855127716355316,82000,23,1947000,,SRS063035.tar.bz2,bc77b7ab,31931000
89000,0.0027872600294384766,0.03550821127385708,0.002505402273652563,0.002505402273652563,,,,"GCF_900186975.1 Cutibacterium granulosum strain=NCTC11865, 50569_F01",/mnt/HDD/kia/HMP_reference/gtdb-rs207.genomic-reps.dna.k31.zip,737acad50d16ca56da72f9d2a7ffd059,0.039502885042166,80000,24,1867000,,SRS063035.tar.bz2,bc77b7ab,31931000
170000,0.005323979831511697,0.036757775683317624,0.0024427672168112493,0.0024427672168112493,,,,"GCF_002005545.1 Streptococcus mitis strain=321A, ASM200554v1",/mnt/HDD/kia/HMP_reference/gtdb-rs207.genomic-reps.dna.k31.zip,e3ab80647e9a895b8f2118caf2372c64,0.08011310084825636,78000,25,1789000,,SRS063035.tar.bz2,bc77b7ab,31931000
69000,0.002160909461025336,0.03533026113671275,0.002160909461025336,0.002160909461025336,,,,"GCA_905373425.1 uncultured Mesocricetibacter sp., SRR9217471-mag-bin.13",/mnt/HDD/kia/HMP_reference/gtdb-rs207.genomic-reps.dna.k31.zip,d66d7a3fc82ac9101814ca59a69e39c6,0.03533026113671275,69000,26,1720000,,SRS063035.tar.bz2,bc77b7ab,31931000
68000,0.002129591932604679,0.030013642564802184,0.0020669568757633646,0.0020669568757633646,,,,"GCF_000191405.1 Haemophilus parainfluenzae ATCC 33392 strain=ATCC 33392, ASM19140v1",/mnt/HDD/kia/HMP_reference/gtdb-rs207.genomic-reps.dna.k31.zip,fbfb9299b266913d2d2b6175ee509a88,0.030923146884947704,66000,27,1654000,,SRS063035.tar.bz2,bc77b7ab,31931000
63000,0.0019730042905013938,0.025936599423631124,0.0019730042905013938,0.0019730042905013938,,,,"GCF_009730335.1 Schaalia odontolytica strain=FDAARGOS_732, ASM973033v1",/mnt/HDD/kia/HMP_reference/gtdb-rs207.genomic-reps.dna.k31.zip,66ebb08e3225b4c7ad6ffa64d63a2ecb,0.025936599423631124,63000,28,1591000,,SRS063035.tar.bz2,bc77b7ab,31931000
133000,0.004165231279947387,0.03414634146341464,0.0019730042905013938,0.0019730042905013938,,,,"GCF_000259505.1 Streptococcus sp. SK643 strain=SK643, SspSK643v1.0",/mnt/HDD/kia/HMP_reference/gtdb-rs207.genomic-reps.dna.k31.zip,0663853db28fe6f7fd7bb01244d05336,0.07208672086720867,63000,29,1528000,,SRS063035.tar.bz2,bc77b7ab,31931000
64000,0.0020043218189220507,0.02390098164746052,0.0017537815915567943,0.0017537815915567943,,,,"GCA_015259235.1 Alloprevotella sp., ASM1525923v1",/mnt/HDD/kia/HMP_reference/gtdb-rs207.genomic-reps.dna.k31.zip,47f304effd254e0f2030c3c824302efa,0.02731540759709774,56000,30,1472000,,SRS063035.tar.bz2,bc77b7ab,31931000
290000,0.009082083241990542,0.02370500438981563,0.0016911465347154802,0.0016911465347154802,,,,"GCF_016894265.1 Corynebacterium tuberculostearicum strain=FDAARGOS_1198, ASM1689426v1",/mnt/HDD/kia/HMP_reference/gtdb-rs207.genomic-reps.dna.k31.zip,5f9b13a23691e04da6c85fdb2677bf38,0.1273046532045654,54000,31,1418000,,SRS063035.tar.bz2,bc77b7ab,31931000
95000,0.002975165199962419,0.021035598705501618,0.0016285114778741663,0.0016285114778741663,,,,"GCF_000227295.1 Cutibacterium avidum ATCC 25577 strain=ATCC 25577, ASM22729v1",/mnt/HDD/kia/HMP_reference/gtdb-rs207.genomic-reps.dna.k31.zip,639e64517aa790c6b3ed1747dd35d801,0.03843042071197411,52000,32,1366000,,SRS063035.tar.bz2,bc77b7ab,31931000
