intersect_bp,f_orig_query,f_match,f_unique_to_query,f_unique_weighted,average_abund,median_abund,std_abund,name,filename,md5,f_match_orig,unique_intersect_bp,gather_result_rank,remaining_bp,query_filename,query_name,query_md5,query_bp
1334000,0.05332587144227694,0.6542422756253066,0.05332587144227694,0.05332587144227694,,,,"GCF_002386345.1 Streptococcus oralis strain=FDAARGOS_367, ASM238634v1",/mnt/HDD/kia/HMP_reference/gtdb-rs207.genomic-reps.dna.k31.zip,574c99593e991dd13455614261fa499f,0.6542422756253066,1334000,0,9085000,,SRS065431.tar.bz2,ff01ef3e,25016000
865000,0.03457787016309562,0.4153846153846154,0.030220658778381836,0.030220658778381836,,,,"GCF_000148585.2 Streptococcus mitis NCTC 12261 strain=NCTC 12261, ASM14858v3",/mnt/HDD/kia/HMP_reference/gtdb-rs207.genomic-reps.dna.k31.zip,132bcfa0362d0f418241e6dc4c1f77c0,0.47527472527472525,756000,1,8329000,,SRS065431.tar.bz2,ff01ef3e,25016000
732000,0.029261272785417333,0.3445338381448178,0.02910137511992325,0.02910137511992325,,,,"GCF_003252755.1 Haemophilus parainfluenzae strain=C2006002596, ASM325275v1",/mnt/HDD/kia/HMP_reference/gtdb-rs207.genomic-reps.dna.k31.zip,3e8fd94fed6765b59ed6454114bdcb94,0.3464268812115476,728000,2,7601000,,SRS065431.tar.bz2,ff01ef3e,25016000
618000,0.024704189318835945,0.2794258373205742,0.023345059162136233,0.023345059162136233,,,,"GCF_006384255.1 Haemophilus sp. SZY H1 strain=SZY H1, ASM638425v1",/mnt/HDD/kia/HMP_reference/gtdb-rs207.genomic-reps.dna.k31.zip,0dbba7d5e17d7222421400a0f13ae34c,0.29569377990430623,584000,3,7017000,,SRS065431.tar.bz2,ff01ef3e,25016000
810000,0.032379277262551964,0.21602288984263232,0.01810841061720499,0.01810841061720499,,,,"GCF_002860865.1 Streptococcus mitis strain=UMB1341, ASM286086v1",/mnt/HDD/kia/HMP_reference/gtdb-rs207.genomic-reps.dna.k31.zip,079e35abb8fd18c108356d1dd56d816f,0.38626609442060084,453000,4,6564000,,SRS065431.tar.bz2,ff01ef3e,25016000
840000,0.0335785097537576,0.17984886649874054,0.014270866645346977,0.014270866645346977,,,,"GCF_002096815.1 Streptococcus mitis strain=RH_12363_08, ASM209681v1",/mnt/HDD/kia/HMP_reference/gtdb-rs207.genomic-reps.dna.k31.zip,9c574e1a1c4f2ba99bf1d84952ca9e5c,0.42317380352644834,357000,5,6207000,,SRS065431.tar.bz2,ff01ef3e,25016000
307000,0.012272145826670931,0.10291652698625545,0.012272145826670931,0.012272145826670931,,,,"GCF_001553935.1 Actinomyces oris strain=T14V, ASM155393v1",/mnt/HDD/kia/HMP_reference/gtdb-rs207.genomic-reps.dna.k31.zip,b8fe439206f0708f15356748b7021bc7,0.10291652698625545,307000,6,5900000,,SRS065431.tar.bz2,ff01ef3e,25016000
268000,0.010713143588103614,0.09776638593921641,0.010673169171730093,0.010673169171730093,,,,"GCF_014054945.1 Neisseria sicca strain=DSM 17713, ASM1405494v1",/mnt/HDD/kia/HMP_reference/gtdb-rs207.genomic-reps.dna.k31.zip,8cc3eeed549c7bdaf1c555749526a783,0.09813255217868913,267000,7,5633000,,SRS065431.tar.bz2,ff01ef3e,25016000
712000,0.028461784457946913,0.12251502542764679,0.01059322033898305,0.01059322033898305,,,,"GCF_001074825.1 Streptococcus pseudopneumoniae strain=888_SPSE, ASM107482v1",/mnt/HDD/kia/HMP_reference/gtdb-rs207.genomic-reps.dna.k31.zip,7b372b5dddf1c72f72491e39550fbabd,0.32917244567730003,265000,8,5368000,,SRS065431.tar.bz2,ff01ef3e,25016000
752000,0.030060761112887753,0.13213703099510604,0.00971378317876559,0.00971378317876559,,,,"GCF_001075675.1 Streptococcus oralis strain=918_SORA, ASM107567v1",/mnt/HDD/kia/HMP_reference/gtdb-rs207.genomic-reps.dna.k31.zip,656277fb6a53461f4ea8b21af476e02b,0.4089178901576944,243000,9,5125000,,SRS065431.tar.bz2,ff01ef3e,25016000
210000,0.0083946274384394,0.11489124372559956,0.008234729772945315,0.008234729772945315,,,,"GCF_000162475.2 Granulicatella elegans ATCC 700633 strain=ATCC 700633, Gran_ele_ATCC_700633_V2",/mnt/HDD/kia/HMP_reference/gtdb-rs207.genomic-reps.dna.k31.zip,b758561efe8ba0e5212d2a4573dfb45a,0.11712214166201897,206000,10,4919000,,SRS065431.tar.bz2,ff01ef3e,25016000
194000,0.007755036776463064,0.10037174721189591,0.007555164694595459,0.007555164694595459,,,,"GCF_000173915.1 Gemella haemolysans ATCC 10379 strain=ATCC 10379, ASM17391v1",/mnt/HDD/kia/HMP_reference/gtdb-rs207.genomic-reps.dna.k31.zip,c3e64ce61bf79075c58ede77f0c31108,0.10302708443972385,189000,11,4730000,,SRS065431.tar.bz2,ff01ef3e,25016000
850000,0.033978253917492804,0.10295728368017525,0.007515190278221938,0.007515190278221938,,,,"GCF_001810785.1 Streptococcus sp. HMSC073F11 strain=HMSC073F11, ASM181078v1",/mnt/HDD/kia/HMP_reference/gtdb-rs207.genomic-reps.dna.k31.zip,2e6f6e4753ccc53712164a2bdf5e0d8e,0.4654983570646221,188000,12,4542000,,SRS065431.tar.bz2,ff01ef3e,25016000
428000,0.017109050207866964,0.07139608913142337,0.006275983370642789,0.006275983370642789,,,,"GCF_000191405.1 Haemophilus parainfluenzae ATCC 33392 strain=ATCC 33392, ASM19140v1",/mnt/HDD/kia/HMP_reference/gtdb-rs207.genomic-reps.dna.k31.zip,fbfb9299b266913d2d2b6175ee509a88,0.19463392451114142,157000,13,4385000,,SRS065431.tar.bz2,ff01ef3e,25016000
647000,0.02586344739366805,0.07586206896551724,0.005716341541413495,0.005716341541413495,,,,"GCF_005144795.1 Streptococcus mitis strain=ColumbLawn, ASM514479v1",/mnt/HDD/kia/HMP_reference/gtdb-rs207.genomic-reps.dna.k31.zip,4b354bc6137e1e2166496b77d08d0d60,0.343236074270557,143000,14,4242000,,SRS065431.tar.bz2,ff01ef3e,25016000
765000,0.030580428525743525,0.06936708860759494,0.00547649504317237,0.00547649504317237,,,,"GCF_002096435.1 Streptococcus oralis subsp. oralis strain=Y_11577_11, ASM209643v1",/mnt/HDD/kia/HMP_reference/gtdb-rs207.genomic-reps.dna.k31.zip,ce021515529d8d93985d4650957ca87e,0.38734177215189874,137000,15,4105000,,SRS065431.tar.bz2,ff01ef3e,25016000
153000,0.0061160857051487045,0.05928853754940711,0.005396546210425328,0.005396546210425328,,,,"GCF_013343115.1 Streptococcus sanguinis strain=FDAARGOS_770, ASM1334311v1",/mnt/HDD/kia/HMP_reference/gtdb-rs207.genomic-reps.dna.k31.zip,67ace1803c455858bff86989eee53b7b,0.06719367588932806,135000,16,3970000,,SRS065431.tar.bz2,ff01ef3e,25016000
355000,0.014190917812599936,0.06875349357182783,0.0049168532139430765,0.0049168532139430765,,,,"GCF_001679045.1 Haemophilus haemolyticus strain=CCUG 12834, ASM167904v1",/mnt/HDD/kia/HMP_reference/gtdb-rs207.genomic-reps.dna.k31.zip,1bdcf62c7ea360d6b845bdf21458ee1b,0.19843487982112912,123000,17,3847000,,SRS065431.tar.bz2,ff01ef3e,25016000
790000,0.031579788935081544,0.058174523570712136,0.00463703229932843,0.00463703229932843,,,,"GCF_001076775.1 Streptococcus pseudopneumoniae strain=445_SPSE, ASM107677v1",/mnt/HDD/kia/HMP_reference/gtdb-rs207.genomic-reps.dna.k31.zip,be2b15afa734b933a2873b8c1dd19a5e,0.39618856569709127,116000,18,3731000,,SRS065431.tar.bz2,ff01ef3e,25016000
776000,0.031020147105852255,0.05053191489361702,0.0037975695554844898,0.0037975695554844898,,,,"GCF_900637025.1 Streptococcus oralis ATCC 35037 strain=NCTC 11427, 46338_H01",/mnt/HDD/kia/HMP_reference/gtdb-rs207.genomic-reps.dna.k31.zip,61ac977e73f60206eef2c75fc0c0301d,0.4127659574468085,95000,19,3636000,,SRS065431.tar.bz2,ff01ef3e,25016000
95000,0.0037975695554844898,0.046191646191646195,0.003757595139110969,0.003757595139110969,,,,"GCF_000160075.2 Abiotrophia defectiva ATCC 49176 strain=ATCC 49176, ASM16007v2",/mnt/HDD/kia/HMP_reference/gtdb-rs207.genomic-reps.dna.k31.zip,eb7e97ab5c39ec0da7cf3d959939544b,0.04668304668304668,94000,20,3542000,,SRS065431.tar.bz2,ff01ef3e,25016000
137000,0.00547649504317237,0.04673366834170854,0.003717620722737448,0.003717620722737448,,,,"GCF_012273215.1 Gemella haemolysans strain=FDAARGOS_740, ASM1227321v1",/mnt/HDD/kia/HMP_reference/gtdb-rs207.genomic-reps.dna.k31.zip,926d704c08a164bfeecea965edb44af7,0.06884422110552764,93000,21,3449000,,SRS065431.tar.bz2,ff01ef3e,25016000
718000,0.02870163095618804,0.0453857791225416,0.0035976974736168853,0.0035976974736168853,,,,"GCF_002096925.1 Streptococcus mitis strain=B_009152_10, ASM209692v1",/mnt/HDD/kia/HMP_reference/gtdb-rs207.genomic-reps.dna.k31.zip,3f68cf21358ce5d92ef1e7c4e1f2b962,0.362077660110943,90000,22,3359000,,SRS065431.tar.bz2,ff01ef3e,25016000
263000,0.010513271506236009,0.03453568687643899,0.0035976974736168853,0.0035976974736168853,,,,"GCA_000220865.1 Neisseria macacae ATCC 33926 strain=ATCC 33926, ASM22086v1",/mnt/HDD/kia/HMP_reference/gtdb-rs207.genomic-reps.dna.k31.zip,12840fe235da8fab31854d1ea1c7e41b,0.10092095165003838,90000,23,3269000,,SRS065431.tar.bz2,ff01ef3e,25016000
130000,0.005196674128557723,0.038391224862888484,0.0033578509753757597,0.0033578509753757597,,,,"GCF_001553855.1 Streptococcus gordonii strain=CCUG 33482, ASM155385v1",/mnt/HDD/kia/HMP_reference/gtdb-rs207.genomic-reps.dna.k31.zip,419095204c9ce692353e030f466fa6fe,0.05941499085923217,84000,24,3185000,,SRS065431.tar.bz2,ff01ef3e,25016000
83000,0.0033178765590022386,0.03419859909353111,0.0033178765590022386,0.0033178765590022386,,,,"GCF_001457555.1 Fusobacterium nucleatum subsp. polymorphum strain=NCTC10562, NCTC10562",/mnt/HDD/kia/HMP_reference/gtdb-rs207.genomic-reps.dna.k31.zip,1cfb9c2c8c5ece22c205b7cb1cb18cc6,0.03419859909353111,83000,25,3102000,,SRS065431.tar.bz2,ff01ef3e,25016000
680000,0.027182603133994242,0.03544776119402985,0.003038055644387592,0.003038055644387592,,,,"GCF_000722775.1 Streptococcus mitis strain=SK608, ASM72277v1",/mnt/HDD/kia/HMP_reference/gtdb-rs207.genomic-reps.dna.k31.zip,3947903c980ed4fcceb17f5aec835ec8,0.31716417910447764,76000,26,3026000,,SRS065431.tar.bz2,ff01ef3e,25016000
346000,0.013831148065238247,0.03945291951604419,0.002998081228014071,0.002998081228014071,,,,"GCF_003252795.1 Haemophilus parainfluenzae strain=C2004002729, ASM325279v1",/mnt/HDD/kia/HMP_reference/gtdb-rs207.genomic-reps.dna.k31.zip,f30b7b034981c1c59056b9ee48fbc7b2,0.18200946870068385,75000,27,2951000,,SRS065431.tar.bz2,ff01ef3e,25016000
686000,0.02742244963223537,0.038542766631467794,0.002918132395267029,0.002918132395267029,,,,"GCF_006175905.1 Streptococcus oralis strain=ATCC 9811, ASM617590v1",/mnt/HDD/kia/HMP_reference/gtdb-rs207.genomic-reps.dna.k31.zip,422531fc4bd95f14f466978441a23468,0.36219640971488914,73000,28,2878000,,SRS065431.tar.bz2,ff01ef3e,25016000
147000,0.005876239206907579,0.03449975357318876,0.0027982091461464663,0.0027982091461464663,,,,"GCA_900766305.1 uncultured Gemella sp., SRS372688_6",/mnt/HDD/kia/HMP_reference/gtdb-rs207.genomic-reps.dna.k31.zip,d5fcb65f2e71bfe9f151d7e7e263a4e1,0.0724494825036964,70000,29,2808000,,SRS065431.tar.bz2,ff01ef3e,25016000
330000,0.013191557403261913,0.032497678737233054,0.0027982091461464663,0.0027982091461464663,,,,"GCA_001752465.1 Haemophilus quentini strain=K068, ASM175246v1",/mnt/HDD/kia/HMP_reference/gtdb-rs207.genomic-reps.dna.k31.zip,f1a382d510663e75d77eb0a1d8344c3d,0.1532033426183844,70000,30,2738000,,SRS065431.tar.bz2,ff01ef3e,25016000
206000,0.008234729772945315,0.021953547566019728,0.0027582347297729452,0.0027582347297729452,,,,"GCF_006546825.1 Actinomyces oris strain=CCUG 34288, ASM654682v1",/mnt/HDD/kia/HMP_reference/gtdb-rs207.genomic-reps.dna.k31.zip,e8605a9ea870c376247ec0446d5ce47b,0.06554247534202991,69000,31,2669000,,SRS065431.tar.bz2,ff01ef3e,25016000
68000,0.002718260313399424,0.030330062444246207,0.002718260313399424,0.002718260313399424,,,,"GCF_902810435.1 Veillonella parvula strain=SKV38, SKV38",/mnt/HDD/kia/HMP_reference/gtdb-rs207.genomic-reps.dna.k31.zip,92fffacc05525a8c6779bf5455282783,0.030330062444246207,68000,32,2601000,,SRS065431.tar.bz2,ff01ef3e,25016000
706000,0.02822193795970579,0.031076066790352505,0.0026782858970259035,0.0026782858970259035,,,,"GCF_001579665.1 Streptococcus mitis strain=DD22, ASM157966v1",/mnt/HDD/kia/HMP_reference/gtdb-rs207.genomic-reps.dna.k31.zip,64132e9fd0939d0ead7aba2902c92beb,0.3274582560296846,67000,33,2534000,,SRS065431.tar.bz2,ff01ef3e,25016000
67000,0.0026782858970259035,0.023784167554135604,0.0026782858970259035,0.0026782858970259035,,,,"GCF_011612265.2 Corynebacterium matruchotii strain=ATCC 14266, ASM1161226v2",/mnt/HDD/kia/HMP_reference/gtdb-rs207.genomic-reps.dna.k31.zip,db37b4d014ce2defcf45ffa5d152f30d,0.023784167554135604,67000,34,2467000,,SRS065431.tar.bz2,ff01ef3e,25016000
62000,0.0024784138151582986,0.02396598376497874,0.0024784138151582986,0.0024784138151582986,,,,"GCA_002355935.1 Rothia aeria strain=JCM 11412, ASM235593v1",/mnt/HDD/kia/HMP_reference/gtdb-rs207.genomic-reps.dna.k31.zip,eb948218f0408dc18f5b24385de1af7d,0.02396598376497874,62000,35,2405000,,SRS065431.tar.bz2,ff01ef3e,25016000
770000,0.030780300607611128,0.03189189189189189,0.0023584905660377358,0.0023584905660377358,,,,"GCF_001070815.1 Streptococcus pseudopneumoniae strain=315_SPSE, ASM107081v1",/mnt/HDD/kia/HMP_reference/gtdb-rs207.genomic-reps.dna.k31.zip,3c069f06efaddcf26ade4b2508140cdf,0.41621621621621624,59000,36,2346000,,SRS065431.tar.bz2,ff01ef3e,25016000
736000,0.029421170450911416,0.03038105046343975,0.0023584905660377358,0.0023584905660377358,,,,"GCF_002096445.1 Streptococcus oralis subsp. oralis strain=RH_57980_07, ASM209644v1",/mnt/HDD/kia/HMP_reference/gtdb-rs207.genomic-reps.dna.k31.zip,65ac415aa2450ea982ad7c1809bb5ef7,0.37899073120494337,59000,37,2287000,,SRS065431.tar.bz2,ff01ef3e,25016000
144000,0.005756315957787016,0.02357049323439546,0.0021586184841701312,0.0021586184841701312,,,,"GCF_000194945.1 Streptococcus sanguinis SK1 = NCTC 7863 strain=SK1, ASM19494v1",/mnt/HDD/kia/HMP_reference/gtdb-rs207.genomic-reps.dna.k31.zip,ac10a7125d471ec1ee13fd557751a418,0.06285464862505456,54000,38,2233000,,SRS065431.tar.bz2,ff01ef3e,25016000
58000,0.002318516149664215,0.02113821138211382,0.002078669651423089,0.002078669651423089,,,,"GCF_000164695.2 Rothia dentocariosa ATCC 17931 strain=ATCC 17931, ASM16469v2",/mnt/HDD/kia/HMP_reference/gtdb-rs207.genomic-reps.dna.k31.zip,749b0a6cf814c3c640e32fe578204f06,0.023577235772357725,52000,39,2181000,,SRS065431.tar.bz2,ff01ef3e,25016000
52000,0.002078669651423089,0.020606060606060607,0.0020386952350495684,0.0020386952350495684,,,,"GCF_000023905.1 Leptotrichia buccalis C-1013-b strain=DSM 1135, ASM2390v1",/mnt/HDD/kia/HMP_reference/gtdb-rs207.genomic-reps.dna.k31.zip,3c5d89372abd843c1cce41914e09bd9c,0.02101010101010101,51000,40,2130000,,SRS065431.tar.bz2,ff01ef3e,25016000
731000,0.029221298369043813,0.025050100200400802,0.0019987208186760474,0.0019987208186760474,,,,"GCF_013305725.1 Streptococcus mitis strain=S022-V3-A4, ASM1330572v1",/mnt/HDD/kia/HMP_reference/gtdb-rs207.genomic-reps.dna.k31.zip,49f786309b6d9f8a248d3ab66a3d9754,0.3662324649298597,50000,41,2080000,,SRS065431.tar.bz2,ff01ef3e,25016000
336000,0.013431403901503039,0.024260067928190198,0.0019987208186760474,0.0019987208186760474,,,,"GCF_001679485.1 Haemophilus sp. CCUG 60358 strain=CCUG 60358, ASM167948v1",/mnt/HDD/kia/HMP_reference/gtdb-rs207.genomic-reps.dna.k31.zip,b62e96270f704e462d52d4757cb76ced,0.16302765647743814,50000,42,2030000,,SRS065431.tar.bz2,ff01ef3e,25016000
