intersect_bp,f_orig_query,f_match,f_unique_to_query,f_unique_weighted,average_abund,median_abund,std_abund,name,filename,md5,f_match_orig,unique_intersect_bp,gather_result_rank,remaining_bp,query_filename,query_name,query_md5,query_bp
2407000,0.04160257185820212,0.9905349794238684,0.04160257185820212,0.04160257185820212,,,,"GCF_003030305.1 Cutibacterium acnes strain=ATCC 6919, ASM303030v1",/mnt/HDD/kia/HMP_reference/gtdb-rs207.genomic-reps.dna.k31.zip,ff021938b2e5aeb2c3d43194bd8f6fed,0.9905349794238684,2407000,0,11602000,,SRS023847.tar.bz2,98f5f177,57857000
2297000,0.03970133259588295,0.9724809483488569,0.03970133259588295,0.03970133259588295,,,,"GCF_006742205.1 Staphylococcus epidermidis strain=NBRC 100911, ASM674220v1",/mnt/HDD/kia/HMP_reference/gtdb-rs207.genomic-reps.dna.k31.zip,573514f3d349904ef56eb74c28c247d7,0.9724809483488569,2297000,1,9305000,,SRS023847.tar.bz2,98f5f177,57857000
1524000,0.026340805779767357,0.9707006369426752,0.026340805779767357,0.026340805779767357,,,,"GCA_003241315.1 Lawsonella clevelandensis, ASM324131v1",/mnt/HDD/kia/HMP_reference/gtdb-rs207.genomic-reps.dna.k31.zip,615e5c6c38f626bff2360eec57680c79,0.9707006369426752,1524000,2,7781000,,SRS023847.tar.bz2,98f5f177,57857000
1053000,0.018200044938382565,0.4051757435303206,0.01813090896520732,0.01813090896520732,,,,"GCF_002154655.1 Corynebacterium kefirresidentii strain=SB, ASM215465v1",/mnt/HDD/kia/HMP_reference/gtdb-rs207.genomic-reps.dna.k31.zip,6a7c544dce2b6d683a1acb703e969a91,0.406720741599073,1049000,3,6732000,,SRS023847.tar.bz2,98f5f177,57857000
891000,0.015400038024785246,0.1625615763546798,0.015400038024785246,0.015400038024785246,,,,"GCF_000742135.1 Klebsiella pneumoniae strain=ATCC 13883, ASM74213v1",/mnt/HDD/kia/HMP_reference/gtdb-rs207.genomic-reps.dna.k31.zip,d88f3c512ece432b111f094181484852,0.1625615763546798,891000,4,5841000,,SRS023847.tar.bz2,98f5f177,57857000
856000,0.014795098259501876,0.46471226927252984,0.014795098259501876,0.014795098259501876,,,,"GCF_001632285.1 Moraxella catarrhalis strain=CCUG 353, ASM163228v1",/mnt/HDD/kia/HMP_reference/gtdb-rs207.genomic-reps.dna.k31.zip,a1db4f14de60e60ca47d0c0930094f62,0.46471226927252984,856000,5,4985000,,SRS023847.tar.bz2,98f5f177,57857000
726000,0.012548179131306497,0.11182994454713494,0.012548179131306497,0.012548179131306497,,,,"GCF_001314995.1 Bacteroides ovatus strain=ATCC 8483, ASM131499v1",/mnt/HDD/kia/HMP_reference/gtdb-rs207.genomic-reps.dna.k31.zip,514bdd6aa640f40cc6414be0e11ec2f6,0.11182994454713494,726000,6,4259000,,SRS023847.tar.bz2,98f5f177,57857000
599000,0.01035311198299255,0.2348262871494349,0.009696320237827748,0.009696320237827748,,,,"GCF_900458815.1 Staphylococcus saccharolyticus strain=NCTC11807, 49699_H02",/mnt/HDD/kia/HMP_reference/gtdb-rs207.genomic-reps.dna.k31.zip,cbe91525a64613ad31f55ec533254ccf,0.250732524068648,561000,7,3698000,,SRS023847.tar.bz2,98f5f177,57857000
513000,0.008866688559724839,0.1018,0.008797552586549597,0.008797552586549597,,,,"GCF_000012825.1 Bacteroides vulgatus ATCC 8482 strain=ATCC 8482, ASM1282v1",/mnt/HDD/kia/HMP_reference/gtdb-rs207.genomic-reps.dna.k31.zip,960cc77fc7b96d595712107aaa1524b5,0.1026,509000,8,3189000,,SRS023847.tar.bz2,98f5f177,57857000
243000,0.004200010370395977,0.10430537061695518,0.004061738424045491,0.004061738424045491,,,,"GCF_900186975.1 Cutibacterium granulosum strain=NCTC11865, 50569_F01",/mnt/HDD/kia/HMP_reference/gtdb-rs207.genomic-reps.dna.k31.zip,737acad50d16ca56da72f9d2a7ffd059,0.10785619174434088,235000,9,2954000,,SRS023847.tar.bz2,98f5f177,57857000
380000,0.006567917451648028,0.03008695652173913,0.002990130839829234,0.002990130839829234,,,,"GCF_000210075.1 Bacteroides xylanisolvens XB1A strain=XB1A, ASM21007v1",/mnt/HDD/kia/HMP_reference/gtdb-rs207.genomic-reps.dna.k31.zip,c08f8e47dd318b08d89c36c36e6da9e1,0.06608695652173913,173000,10,2781000,,SRS023847.tar.bz2,98f5f177,57857000
135000,0.002333339094664431,0.06493506493506493,0.002333339094664431,0.002333339094664431,,,,"GCF_013393365.1 Veillonella sp. T1-7 strain=T1-7, ASM1339336v1",/mnt/HDD/kia/HMP_reference/gtdb-rs207.genomic-reps.dna.k31.zip,8d385d4c2fd4ec420452a24991b7935d,0.06493506493506493,135000,11,2646000,,SRS023847.tar.bz2,98f5f177,57857000
233000,0.00402717043745787,0.018526257138877282,0.00229877110807681,0.00229877110807681,,,,"GCA_900557355.1 uncultured Bacteroides sp., UMGS2042",/mnt/HDD/kia/HMP_reference/gtdb-rs207.genomic-reps.dna.k31.zip,987057f8f58832de97baec421bf869c2,0.03245577378464967,133000,12,2513000,,SRS023847.tar.bz2,98f5f177,57857000
142000,0.0024543270477211054,0.05913739439751001,0.00229877110807681,0.00229877110807681,,,,"GCF_000688415.1 Corynebacterium pseudodiphtheriticum DSM 44287 strain=DSM 44287, ASM68841v1",/mnt/HDD/kia/HMP_reference/gtdb-rs207.genomic-reps.dna.k31.zip,959fe9cdced42dc4a88ae7978625c47e,0.06313917296576256,133000,13,2380000,,SRS023847.tar.bz2,98f5f177,57857000
127000,0.0021950671483139464,0.03993660855784469,0.002177783155020136,0.002177783155020136,,,,"GCF_000144405.1 Prevotella melaninogenica ATCC 25845 strain=ATCC 25845, ASM14440v1",/mnt/HDD/kia/HMP_reference/gtdb-rs207.genomic-reps.dna.k31.zip,33345282ddecaefe1682f1bd43bc7ffe,0.040253565768621234,126000,14,2254000,,SRS023847.tar.bz2,98f5f177,57857000
120000,0.002074079195257272,0.05373936408419167,0.002074079195257272,0.002074079195257272,,,,"GCF_001618015.1 Neisseria flavescens strain=CD-NF1, ASM161801v1",/mnt/HDD/kia/HMP_reference/gtdb-rs207.genomic-reps.dna.k31.zip,22d0f8f1d25f49937ad777e30f7c0412,0.05373936408419167,120000,15,2134000,,SRS023847.tar.bz2,98f5f177,57857000
124000,0.002143215168432515,0.022628886265249903,0.0019876592287882194,0.0019876592287882194,,,,"GCF_000025985.1 Bacteroides fragilis NCTC 9343, ASM2598v1",/mnt/HDD/kia/HMP_reference/gtdb-rs207.genomic-reps.dna.k31.zip,dec6823a28f0aea55b13c3be158528c4,0.024399842581660763,115000,16,2019000,,SRS023847.tar.bz2,98f5f177,57857000
116000,0.0020049432220820298,0.03657331136738056,0.0019185232556129769,0.0019185232556129769,,,,"GCF_000220255.1 Prevotella pallens ATCC 700821 strain=ATCC 700821, ASM22025v1",/mnt/HDD/kia/HMP_reference/gtdb-rs207.genomic-reps.dna.k31.zip,ae975e88c05929ca5d0da00e93b1b561,0.038220757825370676,111000,17,1908000,,SRS023847.tar.bz2,98f5f177,57857000
112000,0.0019358072489067874,0.043241137514608494,0.0019185232556129769,0.0019185232556129769,,,,"GCF_002763915.1 Fusobacterium pseudoperiodonticum strain=KCOM 1262, ASM276391v1",/mnt/HDD/kia/HMP_reference/gtdb-rs207.genomic-reps.dna.k31.zip,721f0b8d1f9364b1922999b37caa723b,0.0436306973120374,111000,18,1797000,,SRS023847.tar.bz2,98f5f177,57857000
112000,0.0019358072489067874,0.04528763769889841,0.0019185232556129769,0.0019185232556129769,,,,"GCF_010669225.1 Megamonas funiformis strain=JCM 14723, ASM1066922v1",/mnt/HDD/kia/HMP_reference/gtdb-rs207.genomic-reps.dna.k31.zip,274d37fe38c89456352e287313491fb8,0.04569563443492452,111000,19,1686000,,SRS023847.tar.bz2,98f5f177,57857000
238000,0.0041135904039269235,0.03817787418655098,0.001520991409855333,0.001520991409855333,,,,"GCF_013408445.1 Corynebacterium tuberculostearicum strain=DSM 44922, ASM1340844v1",/mnt/HDD/kia/HMP_reference/gtdb-rs207.genomic-reps.dna.k31.zip,8897c1bb4f3ce709a4ad43a0e85932fc,0.10325379609544469,88000,20,1598000,,SRS023847.tar.bz2,98f5f177,57857000
75000,0.0012962994970357952,0.029272151898734177,0.0012790155037419846,0.0012790155037419846,,,,"GCF_000466265.1 Actinomyces sp. oral taxon 172 str. F0311 strain=F0311, ASM46626v1",/mnt/HDD/kia/HMP_reference/gtdb-rs207.genomic-reps.dna.k31.zip,7753e1f4d4d78ec05adbbb608b0c4eec,0.02966772151898734,74000,21,1524000,,SRS023847.tar.bz2,98f5f177,57857000
77000,0.0013308674836234164,0.02138525375039898,0.0011580275506853103,0.0011580275506853103,,,,"GCF_000185845.1 Prevotella salivae DSM 15606 strain=DSM 15606, ASM18584v1",/mnt/HDD/kia/HMP_reference/gtdb-rs207.genomic-reps.dna.k31.zip,dff57ddcce4dd6b6a8940ac3baf34695,0.024577082668368975,67000,22,1457000,,SRS023847.tar.bz2,98f5f177,57857000
81000,0.0014000034567986587,0.02219945355191257,0.0011234595640976892,0.0011234595640976892,,,,"GCF_000613925.1 Prevotella histicola JCM 15637 = DNF00424 strain=JCM 15637, ASM61392v1",/mnt/HDD/kia/HMP_reference/gtdb-rs207.genomic-reps.dna.k31.zip,eacfb5d41d7cf4b700ce1526b366572b,0.027663934426229508,65000,23,1392000,,SRS023847.tar.bz2,98f5f177,57857000
439000,0.007587673055982854,0.009370816599732263,0.001088891577510068,0.001088891577510068,,,,"GCF_014334015.1 Bacteroides sp. M10 strain=M10, ASM1433401v1",/mnt/HDD/kia/HMP_reference/gtdb-rs207.genomic-reps.dna.k31.zip,32a90d9faa0865b9d4716569d60e47de,0.06529822995686449,63000,24,1329000,,SRS023847.tar.bz2,98f5f177,57857000
96000,0.001659263356205818,0.025503355704697986,0.0009851876177472043,0.0009851876177472043,,,,"GCF_002959775.1 Veillonella rogosae JCM 15642 strain=JCM 15642, ASM295977v1",/mnt/HDD/kia/HMP_reference/gtdb-rs207.genomic-reps.dna.k31.zip,feec846e832a1a83918fce73cf9e3977,0.042953020134228186,57000,25,1272000,,SRS023847.tar.bz2,98f5f177,57857000
55000,0.0009506196311595831,0.02719343252950231,0.0009160516445719619,0.0009160516445719619,,,,"GCF_014931275.1 Haemophilus parainfluenzae strain=M1C160_1, ASM1493127v1",/mnt/HDD/kia/HMP_reference/gtdb-rs207.genomic-reps.dna.k31.zip,90ed85567504e269bdef87c296aa46c1,0.028219599794766546,53000,26,1219000,,SRS023847.tar.bz2,98f5f177,57857000
55000,0.0009506196311595831,0.010871794871794871,0.0009160516445719619,0.0009160516445719619,,,,"GCF_000012845.1 Parabacteroides distasonis ATCC 8503 strain=ATCC 8503, ASM1284v1",/mnt/HDD/kia/HMP_reference/gtdb-rs207.genomic-reps.dna.k31.zip,5feebdfe795727335c87e462e7a7cc14,0.011282051282051283,53000,27,1166000,,SRS023847.tar.bz2,98f5f177,57857000
51000,0.0008814836579843407,0.04197530864197531,0.0008814836579843407,0.0008814836579843407,,,,"GCA_905209745.1 uncultured Mycoplasma sp., ERR260232-mag-bin.11",/mnt/HDD/kia/HMP_reference/gtdb-rs207.genomic-reps.dna.k31.zip,8e9aacf5bb510ecd82fbad1a013f048d,0.04197530864197531,51000,28,1115000,,SRS023847.tar.bz2,98f5f177,57857000
287000,0.004960506075323643,0.009074410163339383,0.0008641996646905301,0.0008641996646905301,,,,"GCF_013009555.1 Bacteroides dorei strain=DSM 17855, ASM1300955v1",/mnt/HDD/kia/HMP_reference/gtdb-rs207.genomic-reps.dna.k31.zip,f906f0ea3324bc6db880a742f3f0b0ba,0.05208711433756806,50000,29,1065000,,SRS023847.tar.bz2,98f5f177,57857000
127000,0.0021950671483139464,0.02464268112370626,0.0008641996646905301,0.0008641996646905301,,,,"GCA_900766305.1 uncultured Gemella sp., SRS372688_6",/mnt/HDD/kia/HMP_reference/gtdb-rs207.genomic-reps.dna.k31.zip,d5fcb65f2e71bfe9f151d7e7e263a4e1,0.0625924100542139,50000,30,1015000,,SRS023847.tar.bz2,98f5f177,57857000
