intersect_bp,f_orig_query,f_match,f_unique_to_query,f_unique_weighted,average_abund,median_abund,std_abund,name,filename,md5,f_match_orig,unique_intersect_bp,gather_result_rank,remaining_bp,query_filename,query_name,query_md5,query_bp
2377000,0.02142252023288091,0.9781893004115226,0.02142252023288091,0.02142252023288091,,,,"GCF_003030305.1 Cutibacterium acnes strain=ATCC 6919, ASM303030v1",/mnt/HDD/kia/HMP_reference/gtdb-rs207.genomic-reps.dna.k31.zip,ff021938b2e5aeb2c3d43194bd8f6fed,0.9781893004115226,2377000,0,5139000,,SRS019116.tar.bz2,5467da55,110958000
1790000,0.016132230213233838,0.7578323454699407,0.016132230213233838,0.016132230213233838,,,,"GCF_006742205.1 Staphylococcus epidermidis strain=NBRC 100911, ASM674220v1",/mnt/HDD/kia/HMP_reference/gtdb-rs207.genomic-reps.dna.k31.zip,573514f3d349904ef56eb74c28c247d7,0.7578323454699407,1790000,1,3349000,,SRS019116.tar.bz2,5467da55,110958000
1369000,0.012338001766434147,0.5387642660369933,0.012338001766434147,0.012338001766434147,,,,"GCA_003243515.1 Corynebacterium kroppenstedtii, ASM324351v1",/mnt/HDD/kia/HMP_reference/gtdb-rs207.genomic-reps.dna.k31.zip,49a5ff53d175fd9e116696b19f228318,0.5387642660369933,1369000,2,1980000,,SRS019116.tar.bz2,5467da55,110958000
815000,0.0073451215775338415,0.5184713375796178,0.007336109158420303,0.007336109158420303,,,,"GCA_003241315.1 Lawsonella clevelandensis, ASM324131v1",/mnt/HDD/kia/HMP_reference/gtdb-rs207.genomic-reps.dna.k31.zip,615e5c6c38f626bff2360eec57680c79,0.5191082802547771,814000,3,1166000,,SRS019116.tar.bz2,5467da55,110958000
646000,0.005822022747345843,0.14273467638234033,0.003001135564808306,0.003001135564808306,,,,"GCF_000023145.1 Corynebacterium kroppenstedtii DSM 44385 strain=DSM 44385, ASM2314v1",/mnt/HDD/kia/HMP_reference/gtdb-rs207.genomic-reps.dna.k31.zip,0126fa0b740439720f7ba37f50cfbe3d,0.2768966995285041,333000,4,833000,,SRS019116.tar.bz2,5467da55,110958000
217000,0.001955694947637845,0.07614826752618856,0.0017033472124587683,0.0017033472124587683,,,,"GCF_002902325.1 Staphylococcus capitis subsp. capitis strain=NCTC 11045, ASM290232v1",/mnt/HDD/kia/HMP_reference/gtdb-rs207.genomic-reps.dna.k31.zip,ee650d57ebdb152533f91818a75ffcf6,0.08742949234488316,189000,5,644000,,SRS019116.tar.bz2,5467da55,110958000
586000,0.005281277600533535,0.071658615136876,0.0016042106022098452,0.0016042106022098452,,,,"GCF_016889405.1 Corynebacterium kroppenstedtii strain=FDAARGOS_1194, ASM1688940v1",/mnt/HDD/kia/HMP_reference/gtdb-rs207.genomic-reps.dna.k31.zip,e74f70f145325161d930ca2b3ad47611,0.2359098228663446,178000,6,466000,,SRS019116.tar.bz2,5467da55,110958000
125000,0.001126552389192307,0.052374611628939194,0.0010634654553975378,0.0010634654553975378,,,,"GCF_900186975.1 Cutibacterium granulosum strain=NCTC11865, 50569_F01",/mnt/HDD/kia/HMP_reference/gtdb-rs207.genomic-reps.dna.k31.zip,737acad50d16ca56da72f9d2a7ffd059,0.055481580115401684,118000,7,348000,,SRS019116.tar.bz2,5467da55,110958000
502000,0.004524234394996305,0.03475513428120063,0.0007930928819913841,0.0007930928819913841,,,,"GCF_001552955.1 Corynebacterium kroppenstedtii strain=DNF00591, ASM155295v1",/mnt/HDD/kia/HMP_reference/gtdb-rs207.genomic-reps.dna.k31.zip,fedf8097cc4bc5a272c96f7416ae1ad6,0.19826224328593997,88000,8,260000,,SRS019116.tar.bz2,5467da55,110958000
88000,0.0007930928819913841,0.031286210892236384,0.0007300059481966149,0.0007300059481966149,,,,"GCF_002154655.1 Corynebacterium kefirresidentii strain=SB, ASM215465v1",/mnt/HDD/kia/HMP_reference/gtdb-rs207.genomic-reps.dna.k31.zip,6a7c544dce2b6d683a1acb703e969a91,0.03398995751255311,81000,9,179000,,SRS019116.tar.bz2,5467da55,110958000
153000,0.0013789001243713838,0.02706824247045368,0.0006398817570612304,0.0006398817570612304,,,,"GCF_008326345.1 Cutibacterium sp. M12 strain=M12, ASM832634v1",/mnt/HDD/kia/HMP_reference/gtdb-rs207.genomic-reps.dna.k31.zip,9a7d83510c12b8ec999fdb0e9d4cad82,0.0583301563095692,71000,10,108000,,SRS019116.tar.bz2,5467da55,110958000
