intersect_bp,f_orig_query,f_match,f_unique_to_query,f_unique_weighted,average_abund,median_abund,std_abund,name,filename,md5,f_match_orig,unique_intersect_bp,gather_result_rank,remaining_bp,query_filename,query_name,query_md5,query_bp
2418000,0.03860892891358498,0.9950617283950617,0.03860892891358498,0.03860892891358498,,,,"GCF_003030305.1 Cutibacterium acnes strain=ATCC 6919, ASM303030v1",/mnt/HDD/kia/HMP_reference/gtdb-rs207.genomic-reps.dna.k31.zip,ff021938b2e5aeb2c3d43194bd8f6fed,0.9950617283950617,2418000,0,7595000,,SRS024655.tar.bz2,4e3f3ed2,62628000
2259000,0.03607012837708373,0.9563928873835732,0.03607012837708373,0.03607012837708373,,,,"GCF_006742205.1 Staphylococcus epidermidis strain=NBRC 100911, ASM674220v1",/mnt/HDD/kia/HMP_reference/gtdb-rs207.genomic-reps.dna.k31.zip,573514f3d349904ef56eb74c28c247d7,0.9563928873835732,2259000,1,5336000,,SRS024655.tar.bz2,4e3f3ed2,62628000
1355000,0.021635690106661557,0.8630573248407644,0.021635690106661557,0.021635690106661557,,,,"GCA_003241315.1 Lawsonella clevelandensis, ASM324131v1",/mnt/HDD/kia/HMP_reference/gtdb-rs207.genomic-reps.dna.k31.zip,615e5c6c38f626bff2360eec57680c79,0.8630573248407644,1355000,2,3981000,,SRS024655.tar.bz2,4e3f3ed2,62628000
1040000,0.016605990930574185,0.40015449980687523,0.01654212173468736,0.01654212173468736,,,,"GCF_002154655.1 Corynebacterium kefirresidentii strain=SB, ASM215465v1",/mnt/HDD/kia/HMP_reference/gtdb-rs207.genomic-reps.dna.k31.zip,6a7c544dce2b6d683a1acb703e969a91,0.40169949787562764,1036000,3,2945000,,SRS024655.tar.bz2,4e3f3ed2,62628000
982000,0.015679887590215238,0.43231247225920993,0.01555214919844159,0.01555214919844159,,,,"GCF_900186975.1 Cutibacterium granulosum strain=NCTC11865, 50569_F01",/mnt/HDD/kia/HMP_reference/gtdb-rs207.genomic-reps.dna.k31.zip,737acad50d16ca56da72f9d2a7ffd059,0.43586329338659563,974000,4,1971000,,SRS024655.tar.bz2,4e3f3ed2,62628000
452000,0.0072172191352110875,0.16680096696212732,0.006610461774286262,0.006610461774286262,,,,"GCF_002902325.1 Staphylococcus capitis subsp. capitis strain=NCTC 11045, ASM290232v1",/mnt/HDD/kia/HMP_reference/gtdb-rs207.genomic-reps.dna.k31.zip,ee650d57ebdb152533f91818a75ffcf6,0.18211120064464142,414000,5,1557000,,SRS024655.tar.bz2,4e3f3ed2,62628000
323000,0.00515743756786102,0.0789587852494577,0.002906048412850482,0.002906048412850482,,,,"GCF_013408445.1 Corynebacterium tuberculostearicum strain=DSM 44922, ASM1340844v1",/mnt/HDD/kia/HMP_reference/gtdb-rs207.genomic-reps.dna.k31.zip,8897c1bb4f3ce709a4ad43a0e85932fc,0.14013015184381777,182000,6,1375000,,SRS024655.tar.bz2,4e3f3ed2,62628000
150000,0.002395094845755892,0.03,0.002395094845755892,0.002395094845755892,,,,"GCF_000012825.1 Bacteroides vulgatus ATCC 8482 strain=ATCC 8482, ASM1282v1",/mnt/HDD/kia/HMP_reference/gtdb-rs207.genomic-reps.dna.k31.zip,960cc77fc7b96d595712107aaa1524b5,0.03,150000,7,1225000,,SRS024655.tar.bz2,4e3f3ed2,62628000
170000,0.0027144408251900108,0.04854368932038835,0.0019160758766047135,0.0019160758766047135,,,,"GCF_000227295.1 Cutibacterium avidum ATCC 25577 strain=ATCC 25577, ASM22729v1",/mnt/HDD/kia/HMP_reference/gtdb-rs207.genomic-reps.dna.k31.zip,639e64517aa790c6b3ed1747dd35d801,0.06877022653721683,120000,8,1105000,,SRS024655.tar.bz2,4e3f3ed2,62628000
121000,0.0019320431755764195,0.0251900108577633,0.0018522066807178897,0.0018522066807178897,,,,"GCF_000154205.1 Bacteroides uniformis ATCC 8492 strain=ATCC 8492, ASM15420v1",/mnt/HDD/kia/HMP_reference/gtdb-rs207.genomic-reps.dna.k31.zip,2e2ee99950af50be6093dcb7d1a24282,0.026275787187839305,116000,9,989000,,SRS024655.tar.bz2,4e3f3ed2,62628000
78000,0.0012454493197930638,0.04220779220779221,0.0012454493197930638,0.0012454493197930638,,,,"GCF_900445265.1 Anaerococcus octavius strain=NCTC9810, 51765_E01",/mnt/HDD/kia/HMP_reference/gtdb-rs207.genomic-reps.dna.k31.zip,241cbbfed00807dab6c63c4d320f3bbc,0.04220779220779221,78000,10,911000,,SRS024655.tar.bz2,4e3f3ed2,62628000
101000,0.0016126971961423005,0.02912621359223301,0.0011496455259628281,0.0011496455259628281,,,,"GCF_000478175.1 Corynebacterium sp. KPL1814 strain=KPL1814, Cory_sp_KPL1814_V1",/mnt/HDD/kia/HMP_reference/gtdb-rs207.genomic-reps.dna.k31.zip,4cde657a6de5dd95199d6e1d2ee0d378,0.04085760517799353,72000,11,839000,,SRS024655.tar.bz2,4e3f3ed2,62628000
95000,0.0015168934023120648,0.03234501347708895,0.0011496455259628281,0.0011496455259628281,,,,"GCF_002901845.1 Staphylococcus hominis subsp. hominis strain=NCTC 11320, ASM290184v1",/mnt/HDD/kia/HMP_reference/gtdb-rs207.genomic-reps.dna.k31.zip,cf64854f163f18d453b3a5ae77843e92,0.0426774483378257,72000,12,767000,,SRS024655.tar.bz2,4e3f3ed2,62628000
76000,0.0012135147218496518,0.012347826086956521,0.0011336782269911222,0.0011336782269911222,,,,"GCF_000210075.1 Bacteroides xylanisolvens XB1A strain=XB1A, ASM21007v1",/mnt/HDD/kia/HMP_reference/gtdb-rs207.genomic-reps.dna.k31.zip,c08f8e47dd318b08d89c36c36e6da9e1,0.013217391304347827,71000,13,696000,,SRS024655.tar.bz2,4e3f3ed2,62628000
324000,0.005173404866832727,0.0280970625798212,0.0010538417321325924,0.0010538417321325924,,,,"GCF_000175635.1 Corynebacterium tuberculostearicum SK141 strain=SK141, ASM17563v1",/mnt/HDD/kia/HMP_reference/gtdb-rs207.genomic-reps.dna.k31.zip,b38013da281cea39e3e2f538f314a81b,0.13793103448275862,66000,14,630000,,SRS024655.tar.bz2,4e3f3ed2,62628000
140000,0.0022354218560388323,0.032528339083292265,0.0010538417321325924,0.0010538417321325924,,,,"GCA_900766305.1 uncultured Gemella sp., SRS372688_6",/mnt/HDD/kia/HMP_reference/gtdb-rs207.genomic-reps.dna.k31.zip,d5fcb65f2e71bfe9f151d7e7e263a4e1,0.06899950714637752,66000,15,564000,,SRS024655.tar.bz2,4e3f3ed2,62628000
70000,0.0011177109280194161,0.01276595744680851,0.000910136041387239,0.000910136041387239,,,,"GCF_000382445.1 Bacteroides massiliensis B84634 = Timone 84634 = DSM 17679 = JCM 13223 strain=DSM 17679, Bact_mass_DSM_17679_V1",/mnt/HDD/kia/HMP_reference/gtdb-rs207.genomic-reps.dna.k31.zip,a65db27ac6f6490cca7eeb016c93eea7,0.015677491601343786,57000,16,507000,,SRS024655.tar.bz2,4e3f3ed2,62628000
55000,0.000878201443443827,0.027582748244734202,0.000878201443443827,0.000878201443443827,,,,"GCF_001076775.1 Streptococcus pseudopneumoniae strain=445_SPSE, ASM107677v1",/mnt/HDD/kia/HMP_reference/gtdb-rs207.genomic-reps.dna.k31.zip,be2b15afa734b933a2873b8c1dd19a5e,0.027582748244734202,55000,17,452000,,SRS024655.tar.bz2,4e3f3ed2,62628000
236000,0.0037682825573226034,0.023206751054852322,0.000878201443443827,0.000878201443443827,,,,"GCF_001642025.1 [Propionibacterium] namnetense strain=NTS 31307302, ASM164202v1",/mnt/HDD/kia/HMP_reference/gtdb-rs207.genomic-reps.dna.k31.zip,ddeb72b30b6fb2c315bf4b2a7aa36fd8,0.09957805907172995,55000,18,397000,,SRS024655.tar.bz2,4e3f3ed2,62628000
56000,0.000894168742415533,0.029900332225913623,0.0008622341444721211,0.0008622341444721211,,,,"GCF_900106515.1 Peptoniphilus lacydonensis strain=EL1, PRJEB16530",/mnt/HDD/kia/HMP_reference/gtdb-rs207.genomic-reps.dna.k31.zip,b4b406f34659b0ee300ff2dee0f6de99,0.031007751937984496,54000,19,343000,,SRS024655.tar.bz2,4e3f3ed2,62628000
