intersect_bp,f_orig_query,f_match,f_unique_to_query,f_unique_weighted,average_abund,median_abund,std_abund,name,filename,md5,f_match_orig,unique_intersect_bp,gather_result_rank,remaining_bp,query_filename,query_name,query_md5,query_bp
1382000,0.018297607541474137,0.6587225929456625,0.018297607541474137,0.018297607541474137,,,,"GCF_018987235.1 Lactobacillus crispatus strain=ATCC 33820, ASM1898723v1",/mnt/HDD/kia/HMP_reference/gtdb-rs207.genomic-reps.dna.k31.zip,6b44659d997543a9bf23901261a5ef0d,0.6587225929456625,1382000,0,2127000,,SRS024310.tar.bz2,69fa5f93,75529000
1064000,0.014087304214275311,0.6356542617046819,0.014021104476426273,0.014021104476426273,,,,"GCF_007095465.1 Lactobacillus mulieris strain=c10Ua161M, ASM709546v1",/mnt/HDD/kia/HMP_reference/gtdb-rs207.genomic-reps.dna.k31.zip,534db1f8edeae394e1692f7d57e91234,0.6386554621848739,1059000,1,1068000,,SRS024310.tar.bz2,69fa5f93,75529000
443000,0.005865296773424777,0.18230452674897119,0.005865296773424777,0.005865296773424777,,,,"GCF_003030305.1 Cutibacterium acnes strain=ATCC 6919, ASM303030v1",/mnt/HDD/kia/HMP_reference/gtdb-rs207.genomic-reps.dna.k31.zip,ff021938b2e5aeb2c3d43194bd8f6fed,0.18230452674897119,443000,2,625000,,SRS024310.tar.bz2,69fa5f93,75529000
101000,0.0013372347045505699,0.02193268186753529,0.0013372347045505699,0.0013372347045505699,,,,"GCF_000154205.1 Bacteroides uniformis ATCC 8492 strain=ATCC 8492, ASM15420v1",/mnt/HDD/kia/HMP_reference/gtdb-rs207.genomic-reps.dna.k31.zip,2e2ee99950af50be6093dcb7d1a24282,0.02193268186753529,101000,3,524000,,SRS024310.tar.bz2,69fa5f93,75529000
84000,0.0011121555958638403,0.0162,0.0010724357531544176,0.0010724357531544176,,,,"GCF_000012825.1 Bacteroides vulgatus ATCC 8482 strain=ATCC 8482, ASM1282v1",/mnt/HDD/kia/HMP_reference/gtdb-rs207.genomic-reps.dna.k31.zip,960cc77fc7b96d595712107aaa1524b5,0.0168,81000,4,443000,,SRS024310.tar.bz2,69fa5f93,75529000
70000,0.0009267963298865337,0.017480719794344474,0.0009003164347469184,0.0009003164347469184,,,,"GCF_003437535.1 Bacteroides plebeius strain=TF10-3AC, ASM343753v1",/mnt/HDD/kia/HMP_reference/gtdb-rs207.genomic-reps.dna.k31.zip,0af939165079e9d7e74d2ed29256e457,0.017994858611825194,68000,5,375000,,SRS024310.tar.bz2,69fa5f93,75529000
61000,0.0008076368017582651,0.02934102934102934,0.0008076368017582651,0.0008076368017582651,,,,"GCF_013393365.1 Veillonella sp. T1-7 strain=T1-7, ASM1339336v1",/mnt/HDD/kia/HMP_reference/gtdb-rs207.genomic-reps.dna.k31.zip,8d385d4c2fd4ec420452a24991b7935d,0.02934102934102934,61000,6,314000,,SRS024310.tar.bz2,69fa5f93,75529000
60000,0.0007943968541884574,0.01901743264659271,0.0007943968541884574,0.0007943968541884574,,,,"GCF_000144405.1 Prevotella melaninogenica ATCC 25845 strain=ATCC 25845, ASM14440v1",/mnt/HDD/kia/HMP_reference/gtdb-rs207.genomic-reps.dna.k31.zip,33345282ddecaefe1682f1bd43bc7ffe,0.01901743264659271,60000,7,254000,,SRS024310.tar.bz2,69fa5f93,75529000
58000,0.0007679169590488422,0.02259446825087651,0.0007679169590488422,0.0007679169590488422,,,,"GCF_002763915.1 Fusobacterium pseudoperiodonticum strain=KCOM 1262, ASM276391v1",/mnt/HDD/kia/HMP_reference/gtdb-rs207.genomic-reps.dna.k31.zip,721f0b8d1f9364b1922999b37caa723b,0.02259446825087651,58000,8,196000,,SRS024310.tar.bz2,69fa5f93,75529000
