intersect_bp,f_orig_query,f_match,f_unique_to_query,f_unique_weighted,average_abund,median_abund,std_abund,name,filename,md5,f_match_orig,unique_intersect_bp,gather_result_rank,remaining_bp,query_filename,query_name,query_md5,query_bp
2420000,0.02400650754915382,0.9958847736625515,0.02400650754915382,0.02400650754915382,,,,"GCF_003030305.1 Cutibacterium acnes strain=ATCC 6919, ASM303030v1",/mnt/HDD/kia/HMP_reference/gtdb-rs207.genomic-reps.dna.k31.zip,ff021938b2e5aeb2c3d43194bd8f6fed,0.9958847736625515,2420000,0,22726000,,SRS019016.tar.bz2,478eca13,100806000
2230000,0.02212169910521199,0.9441151566469094,0.02212169910521199,0.02212169910521199,,,,"GCF_006742205.1 Staphylococcus epidermidis strain=NBRC 100911, ASM674220v1",/mnt/HDD/kia/HMP_reference/gtdb-rs207.genomic-reps.dna.k31.zip,573514f3d349904ef56eb74c28c247d7,0.9441151566469094,2230000,1,20496000,,SRS019016.tar.bz2,478eca13,100806000
2026000,0.020098010039084974,0.8009669621273167,0.01972104835029661,0.01972104835029661,,,,"GCF_002902325.1 Staphylococcus capitis subsp. capitis strain=NCTC 11045, ASM290232v1",/mnt/HDD/kia/HMP_reference/gtdb-rs207.genomic-reps.dna.k31.zip,ee650d57ebdb152533f91818a75ffcf6,0.8162771958098308,1988000,2,18508000,,SRS019016.tar.bz2,478eca13,100806000
1946000,0.019304406483741047,0.860630270750111,0.019234966172648454,0.019234966172648454,,,,"GCF_900186975.1 Cutibacterium granulosum strain=NCTC11865, 50569_F01",/mnt/HDD/kia/HMP_reference/gtdb-rs207.genomic-reps.dna.k31.zip,737acad50d16ca56da72f9d2a7ffd059,0.8637372392365734,1939000,3,16569000,,SRS019016.tar.bz2,478eca13,100806000
1573000,0.015604229906949983,0.8709856035437431,0.015604229906949983,0.015604229906949983,,,,"GCF_900106515.1 Peptoniphilus lacydonensis strain=EL1, PRJEB16530",/mnt/HDD/kia/HMP_reference/gtdb-rs207.genomic-reps.dna.k31.zip,b4b406f34659b0ee300ff2dee0f6de99,0.8709856035437431,1573000,4,14996000,,SRS019016.tar.bz2,478eca13,100806000
1549000,0.015366148840346804,0.986624203821656,0.015366148840346804,0.015366148840346804,,,,"GCA_003241315.1 Lawsonella clevelandensis, ASM324131v1",/mnt/HDD/kia/HMP_reference/gtdb-rs207.genomic-reps.dna.k31.zip,615e5c6c38f626bff2360eec57680c79,0.986624203821656,1549000,5,13447000,,SRS019016.tar.bz2,478eca13,100806000
1545000,0.015326468662579609,0.8192640692640693,0.015018947284883837,0.015018947284883837,,,,"GCF_900445265.1 Anaerococcus octavius strain=NCTC9810, 51765_E01",/mnt/HDD/kia/HMP_reference/gtdb-rs207.genomic-reps.dna.k31.zip,241cbbfed00807dab6c63c4d320f3bbc,0.836038961038961,1514000,6,11933000,,SRS019016.tar.bz2,478eca13,100806000
1455000,0.01443366466281769,0.8121387283236994,0.013937662440727734,0.013937662440727734,,,,"GCF_017874535.1 Anaerococcus nagyae strain=DSM 101193, ASM1787453v1",/mnt/HDD/kia/HMP_reference/gtdb-rs207.genomic-reps.dna.k31.zip,097b61e5c11b96a706fcb29cfbeca564,0.8410404624277457,1405000,7,10528000,,SRS019016.tar.bz2,478eca13,100806000
1131000,0.011219570263674782,0.5524335173105871,0.010921968930420809,0.010921968930420809,,,,"GCF_003182075.1 Finegoldia magna strain=DSM 20470, ASM318207v1",/mnt/HDD/kia/HMP_reference/gtdb-rs207.genomic-reps.dna.k31.zip,bf55edb38214873d2ecd56616f85a5e7,0.5674862017059709,1101000,8,9427000,,SRS019016.tar.bz2,478eca13,100806000
1049000,0.010406126619447256,0.40324449594438005,0.01035652639723826,0.01035652639723826,,,,"GCF_002154655.1 Corynebacterium kefirresidentii strain=SB, ASM215465v1",/mnt/HDD/kia/HMP_reference/gtdb-rs207.genomic-reps.dna.k31.zip,6a7c544dce2b6d683a1acb703e969a91,0.4051757435303206,1044000,9,8383000,,SRS019016.tar.bz2,478eca13,100806000
968000,0.009602603019661529,0.4820218863991662,0.009176041108664167,0.009176041108664167,,,,"GCF_900454685.1 Peptoniphilus harei strain=NCTC13076, 52278_A01",/mnt/HDD/kia/HMP_reference/gtdb-rs207.genomic-reps.dna.k31.zip,6bf9d54ec41d1d518efcb422f5c4836c,0.5044293903074518,925000,10,7458000,,SRS019016.tar.bz2,478eca13,100806000
763000,0.007568993909092713,0.3128205128205128,0.006656349820447195,0.006656349820447195,,,,"GCF_000312365.2 Anaerococcus provencensis strain=9402080, ASM31236v2",/mnt/HDD/kia/HMP_reference/gtdb-rs207.genomic-reps.dna.k31.zip,f72914a87faa7ac9ccffcf07ccdf3a07,0.35571095571095573,671000,11,6787000,,SRS019016.tar.bz2,478eca13,100806000
738000,0.007320992798047736,0.24642082429501086,0.005634585242941888,0.005634585242941888,,,,"GCF_016127015.1 Corynebacterium tuberculostearicum strain=FDAARGOS_993, ASM1612701v1",/mnt/HDD/kia/HMP_reference/gtdb-rs207.genomic-reps.dna.k31.zip,74c4ea8211b98e35d7dda10fb5dc1861,0.32017353579175706,568000,12,6219000,,SRS019016.tar.bz2,478eca13,100806000
546000,0.0054163442652223085,0.3132530120481928,0.0054163442652223085,0.0054163442652223085,,,,"GCF_013372225.1 Campylobacter ureolyticus strain=LMG 6451, ASM1337222v1",/mnt/HDD/kia/HMP_reference/gtdb-rs207.genomic-reps.dna.k31.zip,4e9ef06e86fb633d4f0db7b2b7f85609,0.3132530120481928,546000,13,5673000,,SRS019016.tar.bz2,478eca13,100806000
384000,0.0038092970656508542,0.1488949205118263,0.0038092970656508542,0.0038092970656508542,,,,"GCF_001553955.1 Moraxella osloensis strain=CCUG 350, ASM155395v1",/mnt/HDD/kia/HMP_reference/gtdb-rs207.genomic-reps.dna.k31.zip,d10b7ca2521fa6bfdeadbf2fd33e016d,0.1488949205118263,384000,14,5289000,,SRS019016.tar.bz2,478eca13,100806000
429000,0.004255699065531813,0.1476537216828479,0.003620816221256671,0.003620816221256671,,,,"GCF_000227295.1 Cutibacterium avidum ATCC 25577 strain=ATCC 25577, ASM22729v1",/mnt/HDD/kia/HMP_reference/gtdb-rs207.genomic-reps.dna.k31.zip,639e64517aa790c6b3ed1747dd35d801,0.17354368932038836,365000,15,4924000,,SRS019016.tar.bz2,478eca13,100806000
793000,0.007866595242346685,0.16675406397482959,0.0031545741324921135,0.0031545741324921135,,,,"GCF_000159695.1 Finegoldia magna ATCC 53516 strain=ATCC 53516, ASM15969v1",/mnt/HDD/kia/HMP_reference/gtdb-rs207.genomic-reps.dna.k31.zip,a0a5f5260c65de59aa6cf6f2851e3b3a,0.41583639223911906,318000,16,4606000,,SRS019016.tar.bz2,478eca13,100806000
316000,0.0031347340436085154,0.3739644970414201,0.0031347340436085154,0.0031347340436085154,,,,"GCA_900556745.1 uncultured Veillonellaceae bacterium, UMGS1964",/mnt/HDD/kia/HMP_reference/gtdb-rs207.genomic-reps.dna.k31.zip,8a024c9392affef5d2af21f5270e3290,0.3739644970414201,316000,17,4290000,,SRS019016.tar.bz2,478eca13,100806000
218000,0.0021625696883122037,0.05457301667508843,0.0021427295994286056,0.0021427295994286056,,,,"GCF_009759685.1 Acinetobacter baumannii strain=ATCC 19606, ASM975968v1",/mnt/HDD/kia/HMP_reference/gtdb-rs207.genomic-reps.dna.k31.zip,a5ebf5627a166d02c647709674b0f412,0.05507832238504295,216000,18,4074000,,SRS019016.tar.bz2,478eca13,100806000
191000,0.001894728488383628,0.0512372634643377,0.0017459278217566414,0.0017459278217566414,,,,"GCF_011058205.1 Acinetobacter sp. GC2 strain=GC2, ASM1105820v1",/mnt/HDD/kia/HMP_reference/gtdb-rs207.genomic-reps.dna.k31.zip,68704c19a5f2d0df1203ebc8af113c71,0.05560407569141194,176000,19,3898000,,SRS019016.tar.bz2,478eca13,100806000
547000,0.005426264309664107,0.07151979565772669,0.0016665674662222486,0.0016665674662222486,,,,"GCF_000175635.1 Corynebacterium tuberculostearicum SK141 strain=SK141, ASM17563v1",/mnt/HDD/kia/HMP_reference/gtdb-rs207.genomic-reps.dna.k31.zip,b38013da281cea39e3e2f538f314a81b,0.23286504895700297,168000,20,3730000,,SRS019016.tar.bz2,478eca13,100806000
166000,0.0016467273773386505,0.07367433129985922,0.0015574469773624586,0.0015574469773624586,,,,"GCF_001570785.1 Dermabacter hominis NBRC 106157 strain=NBRC 106157, ASM157078v1",/mnt/HDD/kia/HMP_reference/gtdb-rs207.genomic-reps.dna.k31.zip,978359e7401c78d96c4486fdd33385fc,0.07789770061004224,157000,21,3573000,,SRS019016.tar.bz2,478eca13,100806000
186000,0.0018451282661746324,0.061488673139158574,0.0015078467551534632,0.0015078467551534632,,,,"GCF_000478175.1 Corynebacterium sp. KPL1814 strain=KPL1814, Cory_sp_KPL1814_V1",/mnt/HDD/kia/HMP_reference/gtdb-rs207.genomic-reps.dna.k31.zip,4cde657a6de5dd95199d6e1d2ee0d378,0.07524271844660194,152000,22,3421000,,SRS019016.tar.bz2,478eca13,100806000
396000,0.003928337598952444,0.09195402298850575,0.0015078467551534632,0.0015078467551534632,,,,"GCF_000413435.1 Campylobacter ureolyticus ACS-301-V-Sch3b strain=ACS-301-V-Sch3b, Camp_ureo_ACS-301-V-SCH3B_V1",/mnt/HDD/kia/HMP_reference/gtdb-rs207.genomic-reps.dna.k31.zip,121930a3cad873f78d8059c1ee2511d1,0.2395644283121597,152000,23,3269000,,SRS019016.tar.bz2,478eca13,100806000
161000,0.001597127155129655,0.06019766397124888,0.0013292859552010794,0.0013292859552010794,,,,"GCF_002901845.1 Staphylococcus hominis subsp. hominis strain=NCTC 11320, ASM290184v1",/mnt/HDD/kia/HMP_reference/gtdb-rs207.genomic-reps.dna.k31.zip,cf64854f163f18d453b3a5ae77843e92,0.07232704402515723,134000,24,3135000,,SRS019016.tar.bz2,478eca13,100806000
548000,0.005436184354105906,0.0665291387313048,0.0012796857329920837,0.0012796857329920837,,,,"GCA_900766215.1 uncultured Finegoldia sp., SRS335560_6",/mnt/HDD/kia/HMP_reference/gtdb-rs207.genomic-reps.dna.k31.zip,1db98a30474b3a100f36edad1d3b4fa6,0.28261990716864366,129000,25,3006000,,SRS019016.tar.bz2,478eca13,100806000
122000,0.0012102454218994902,0.060787244643746886,0.0012102454218994902,0.0012102454218994902,,,,"GCF_003942865.1 Streptococcus mitis strain=BCC55, ASM394286v1",/mnt/HDD/kia/HMP_reference/gtdb-rs207.genomic-reps.dna.k31.zip,676ada4556439eb6cf056555398a9b64,0.060787244643746886,122000,26,2884000,,SRS019016.tar.bz2,478eca13,100806000
300000,0.0029760133325397297,0.04767932489451477,0.0011209650219232983,0.0011209650219232983,,,,"GCF_001642025.1 [Propionibacterium] namnetense strain=NTS 31307302, ASM164202v1",/mnt/HDD/kia/HMP_reference/gtdb-rs207.genomic-reps.dna.k31.zip,ddeb72b30b6fb2c315bf4b2a7aa36fd8,0.12658227848101267,113000,27,2771000,,SRS019016.tar.bz2,478eca13,100806000
465000,0.004612820665436581,0.04521510096575944,0.0010217645775053071,0.0010217645775053071,,,,"GCF_016894265.1 Corynebacterium tuberculostearicum strain=FDAARGOS_1198, ASM1689426v1",/mnt/HDD/kia/HMP_reference/gtdb-rs207.genomic-reps.dna.k31.zip,5f9b13a23691e04da6c85fdb2677bf38,0.20412642669007902,103000,28,2668000,,SRS019016.tar.bz2,478eca13,100806000
718000,0.007122591909211753,0.0528,0.000982084399738111,0.000982084399738111,,,,"GCA_018371055.1 Finegoldia magna, ASM1837105v1",/mnt/HDD/kia/HMP_reference/gtdb-rs207.genomic-reps.dna.k31.zip,7163d7a47a812ed80cd4f50d9d96a4ae,0.38293333333333335,99000,29,2569000,,SRS019016.tar.bz2,478eca13,100806000
183000,0.0018153681328492352,0.0630891950688905,0.0008630438664365217,0.0008630438664365217,,,,"GCF_902506685.1 Negativicoccus succinicivorans strain=ADV 07/08/06-B-1388, Q0888",/mnt/HDD/kia/HMP_reference/gtdb-rs207.genomic-reps.dna.k31.zip,ee400429f5ba52c39c72eef0478bed6c,0.13270485859318346,87000,30,2482000,,SRS019016.tar.bz2,478eca13,100806000
99000,0.000982084399738111,0.031227038941954444,0.0008432037775529235,0.0008432037775529235,,,,"GCF_900092335.1 Corynebacterium phoceense strain=MC1, PRJEB14666",/mnt/HDD/kia/HMP_reference/gtdb-rs207.genomic-reps.dna.k31.zip,6ddd5b63f8ad1654f6c56c3b0fcb1a81,0.03637031594415871,85000,31,2397000,,SRS019016.tar.bz2,478eca13,100806000
303000,0.003005773465865127,0.038372630605640314,0.0008233636886693253,0.0008233636886693253,,,,"GCF_900128425.1 Anaerococcus urinomassiliensis strain=Marseille-P2143, PRJEB18044",/mnt/HDD/kia/HMP_reference/gtdb-rs207.genomic-reps.dna.k31.zip,d4d714f05261df7c7598ac47ea4c6223,0.14008321775312066,83000,32,2314000,,SRS019016.tar.bz2,478eca13,100806000
489000,0.00485090173203976,0.038640595903165736,0.0008233636886693253,0.0008233636886693253,,,,"GCA_900539985.1 uncultured Corynebacterium sp., UMGS194",/mnt/HDD/kia/HMP_reference/gtdb-rs207.genomic-reps.dna.k31.zip,1377a74b317342ccf673c632bc466ae1,0.2276536312849162,83000,33,2231000,,SRS019016.tar.bz2,478eca13,100806000
262000,0.002599051643751364,0.028852920478536243,0.0008134436442275261,0.0008134436442275261,,,,"GCA_014647715.1 Streptomyces cinereus strain=JCM 3040, ASM1464771v1",/mnt/HDD/kia/HMP_reference/gtdb-rs207.genomic-reps.dna.k31.zip,06c9e4c23ca4687a113a2bd507f14c99,0.09218859957776214,82000,34,2149000,,SRS019016.tar.bz2,478eca13,100806000
90000,0.0008928039997619189,0.03251028806584362,0.0007836835109021288,0.0007836835109021288,,,,"GCF_016889425.1 Corynebacterium amycolatum strain=FDAARGOS_1189, ASM1688942v1",/mnt/HDD/kia/HMP_reference/gtdb-rs207.genomic-reps.dna.k31.zip,6ce19a2b02c9bafbcbef91b6bb87b503,0.037037037037037035,79000,35,2070000,,SRS019016.tar.bz2,478eca13,100806000
231000,0.002291530266055592,0.03477344573234984,0.0006547229331587405,0.0006547229331587405,,,,"GCF_000183565.1 Peptoniphilus harei ACS-146-V-Sch2b strain=ACS-146-V-Sch2b, ASM18356v1",/mnt/HDD/kia/HMP_reference/gtdb-rs207.genomic-reps.dna.k31.zip,ac51b5407d352af84f2966f71227ba2e,0.12170706006322445,66000,36,2004000,,SRS019016.tar.bz2,478eca13,100806000
94000,0.0009324841775291153,0.02426470588235294,0.0006547229331587405,0.0006547229331587405,,,,"GCF_000833575.1 Corynebacterium singulare strain=IBS B52218, ASM83357v1",/mnt/HDD/kia/HMP_reference/gtdb-rs207.genomic-reps.dna.k31.zip,327e9f637cf716e98d258066cf2f8c48,0.03455882352941177,66000,37,1938000,,SRS019016.tar.bz2,478eca13,100806000
107000,0.0010614447552725035,0.033129459734964326,0.0006448028887169415,0.0006448028887169415,,,,"GCF_000722705.1 Streptococcus mitis strain=SK642, ASM72270v1",/mnt/HDD/kia/HMP_reference/gtdb-rs207.genomic-reps.dna.k31.zip,d4ffa2598421bed5e7f864c9df78b108,0.0545361875637105,65000,38,1873000,,SRS019016.tar.bz2,478eca13,100806000
446000,0.004424339821042398,0.03388035997882478,0.0006348828442751423,0.0006348828442751423,,,,"GCA_910589545.1 Peptoniphilaceae bacterium, RUMC2-1.0",/mnt/HDD/kia/HMP_reference/gtdb-rs207.genomic-reps.dna.k31.zip,49b44c705fa5eb66c5918251ed1c8b94,0.23610375860243515,64000,39,1809000,,SRS019016.tar.bz2,478eca13,100806000
73000,0.0007241632442513342,0.0259852750108272,0.0005952026665079459,0.0005952026665079459,,,,"GCF_001807485.1 Corynebacterium sp. HMSC08A12 strain=HMSC08A12, ASM180748v1",/mnt/HDD/kia/HMP_reference/gtdb-rs207.genomic-reps.dna.k31.zip,752a7aa6a9b4a1f484250ad1019f8292,0.03161541792983976,60000,40,1749000,,SRS019016.tar.bz2,478eca13,100806000
264000,0.002618891732634962,0.021473528322843393,0.0005753625776243477,0.0005753625776243477,,,,"GCF_009867135.1 Moraxella osloensis strain=YV1, ASM986713v1",/mnt/HDD/kia/HMP_reference/gtdb-rs207.genomic-reps.dna.k31.zip,cd2f412aebddda24e8f39b60c9bb5e44,0.09774157719363198,58000,41,1691000,,SRS019016.tar.bz2,478eca13,100806000
59000,0.0005852826220661469,0.020334059549745823,0.0005555224887407496,0.0005555224887407496,,,,"GCA_900766185.1 uncultured Johnsonella sp., SRS335389_1",/mnt/HDD/kia/HMP_reference/gtdb-rs207.genomic-reps.dna.k31.zip,9275a861a3029a8625b2da144be3b3c2,0.021423384168482208,56000,42,1635000,,SRS019016.tar.bz2,478eca13,100806000
341000,0.0033827351546534927,0.028234086242299793,0.0005456024442989505,0.0005456024442989505,,,,"GCF_000010185.1 Finegoldia magna ATCC 29328 strain=ATCC 29328, ASM1018v1",/mnt/HDD/kia/HMP_reference/gtdb-rs207.genomic-reps.dna.k31.zip,27b134575f52cc87f9c58fcc5b167571,0.17505133470225873,55000,43,1580000,,SRS019016.tar.bz2,478eca13,100806000
54000,0.0005356823998571514,0.009852216748768473,0.0005356823998571514,0.0005356823998571514,,,,"GCF_000742135.1 Klebsiella pneumoniae strain=ATCC 13883, ASM74213v1",/mnt/HDD/kia/HMP_reference/gtdb-rs207.genomic-reps.dna.k31.zip,d88f3c512ece432b111f094181484852,0.009852216748768473,54000,44,1526000,,SRS019016.tar.bz2,478eca13,100806000
73000,0.0007241632442513342,0.020084974893781384,0.0005158423109735532,0.0005158423109735532,,,,"GCF_003693265.1 Corynebacterium gottingense strain=DSM 103494, ASM369326v1",/mnt/HDD/kia/HMP_reference/gtdb-rs207.genomic-reps.dna.k31.zip,7827cfce812b6b0d4e828b520789bbf4,0.028196214754731556,52000,45,1474000,,SRS019016.tar.bz2,478eca13,100806000
156000,0.0015475269329206596,0.013705851344227728,0.0005158423109735532,0.0005158423109735532,,,,"GCA_000761495.1 Acinetobacter idrijaensis strain=MII, Ai_1.0",/mnt/HDD/kia/HMP_reference/gtdb-rs207.genomic-reps.dna.k31.zip,a252bc7ca37e5691f81ceaf7d00d8ccb,0.04111755403268318,52000,46,1422000,,SRS019016.tar.bz2,478eca13,100806000
134000,0.0013292859552010794,0.0211882010801828,0.000505922266531754,0.000505922266531754,,,,"GCF_000159115.1 Corynebacterium accolens ATCC 49725 strain=ATCC 49725, ASM15911v1",/mnt/HDD/kia/HMP_reference/gtdb-rs207.genomic-reps.dna.k31.zip,30fc14d53964d66f039fe9009573cee3,0.055670959700872456,51000,47,1371000,,SRS019016.tar.bz2,478eca13,100806000
71000,0.000704323155367736,0.022747546833184657,0.000505922266531754,0.000505922266531754,,,,"GCF_900156665.1 Corynebacterium appendicis CIP 107643 strain=DSM 44531, IMG-taxon 2681813517 annotated assembly",/mnt/HDD/kia/HMP_reference/gtdb-rs207.genomic-reps.dna.k31.zip,f206d3022d6bed8ca40ece658e924677,0.03166815343443354,51000,48,1320000,,SRS019016.tar.bz2,478eca13,100806000
