intersect_bp,f_orig_query,f_match,f_unique_to_query,f_unique_weighted,average_abund,median_abund,std_abund,name,filename,md5,f_match_orig,unique_intersect_bp,gather_result_rank,remaining_bp,query_filename,query_name,query_md5,query_bp
2395000,0.06821224117797842,0.98559670781893,0.06821224117797842,0.06821224117797842,,,,"GCF_003030305.1 Cutibacterium acnes strain=ATCC 6919, ASM303030v1",/mnt/HDD/kia/HMP_reference/gtdb-rs207.genomic-reps.dna.k31.zip,ff021938b2e5aeb2c3d43194bd8f6fed,0.98559670781893,2395000,0,11838000,,SRS050025.tar.bz2,9c36ff3b,35111000
1876000,0.05343054883085073,0.79424216765453,0.05343054883085073,0.05343054883085073,,,,"GCF_006742205.1 Staphylococcus epidermidis strain=NBRC 100911, ASM674220v1",/mnt/HDD/kia/HMP_reference/gtdb-rs207.genomic-reps.dna.k31.zip,573514f3d349904ef56eb74c28c247d7,0.79424216765453,1876000,1,9962000,,SRS050025.tar.bz2,9c36ff3b,35111000
1539000,0.04383241719119364,0.9802547770700637,0.04383241719119364,0.04383241719119364,,,,"GCA_003241315.1 Lawsonella clevelandensis, ASM324131v1",/mnt/HDD/kia/HMP_reference/gtdb-rs207.genomic-reps.dna.k31.zip,615e5c6c38f626bff2360eec57680c79,0.9802547770700637,1539000,2,8423000,,SRS050025.tar.bz2,9c36ff3b,35111000
1135000,0.03232605166472046,0.4085121862495453,0.03198427843126086,0.03198427843126086,,,,"GCF_001027105.1 Staphylococcus aureus subsp. aureus DSM 20231 strain=DSM 20231, ASM102710v1",/mnt/HDD/kia/HMP_reference/gtdb-rs207.genomic-reps.dna.k31.zip,185d23ed7456f793b36f5c5f7f0a4c80,0.4128774099672608,1123000,3,7300000,,SRS050025.tar.bz2,9c36ff3b,35111000
1066000,0.03036085557232776,0.4094244882193897,0.03018996895559796,0.03018996895559796,,,,"GCF_002154655.1 Corynebacterium kefirresidentii strain=SB, ASM215465v1",/mnt/HDD/kia/HMP_reference/gtdb-rs207.genomic-reps.dna.k31.zip,6a7c544dce2b6d683a1acb703e969a91,0.4117419853225183,1060000,4,6240000,,SRS050025.tar.bz2,9c36ff3b,35111000
735000,0.02093361054940047,0.4069767441860465,0.02093361054940047,0.02093361054940047,,,,"GCF_900106515.1 Peptoniphilus lacydonensis strain=EL1, PRJEB16530",/mnt/HDD/kia/HMP_reference/gtdb-rs207.genomic-reps.dna.k31.zip,b4b406f34659b0ee300ff2dee0f6de99,0.4069767441860465,735000,5,5505000,,SRS050025.tar.bz2,9c36ff3b,35111000
625000,0.017800689242687476,0.27385707944962273,0.017572840420381076,0.017572840420381076,,,,"GCF_900186975.1 Cutibacterium granulosum strain=NCTC11865, 50569_F01",/mnt/HDD/kia/HMP_reference/gtdb-rs207.genomic-reps.dna.k31.zip,737acad50d16ca56da72f9d2a7ffd059,0.2774079005770084,617000,6,4888000,,SRS050025.tar.bz2,9c36ff3b,35111000
437000,0.012446241918487084,0.21432074546346247,0.012446241918487084,0.012446241918487084,,,,"GCF_002386345.1 Streptococcus oralis strain=FDAARGOS_367, ASM238634v1",/mnt/HDD/kia/HMP_reference/gtdb-rs207.genomic-reps.dna.k31.zip,574c99593e991dd13455614261fa499f,0.21432074546346247,437000,7,4451000,,SRS050025.tar.bz2,9c36ff3b,35111000
314000,0.008943066275526188,0.06081735425140422,0.008943066275526188,0.008943066275526188,,,,"GCF_000215745.1 Klebsiella aerogenes KCTC 2190 strain=KCTC 2190, ASM21574v1",/mnt/HDD/kia/HMP_reference/gtdb-rs207.genomic-reps.dna.k31.zip,d5555c8c41408ffc6d48109cd0232345,0.06081735425140422,314000,8,4137000,,SRS050025.tar.bz2,9c36ff3b,35111000
297000,0.008458887528125089,0.14826839826839827,0.00780382216399419,0.00780382216399419,,,,"GCF_900445265.1 Anaerococcus octavius strain=NCTC9810, 51765_E01",/mnt/HDD/kia/HMP_reference/gtdb-rs207.genomic-reps.dna.k31.zip,241cbbfed00807dab6c63c4d320f3bbc,0.16071428571428573,274000,9,3863000,,SRS050025.tar.bz2,9c36ff3b,35111000
238000,0.006778502463615391,0.08098307816277196,0.005724701660448293,0.005724701660448293,,,,"GCF_002902325.1 Staphylococcus capitis subsp. capitis strain=NCTC 11045, ASM290232v1",/mnt/HDD/kia/HMP_reference/gtdb-rs207.genomic-reps.dna.k31.zip,ee650d57ebdb152533f91818a75ffcf6,0.0958904109589041,201000,10,3662000,,SRS050025.tar.bz2,9c36ff3b,35111000
191000,0.005439890632565293,0.06335903452899766,0.005382928426988693,0.005382928426988693,,,,"GCF_001553935.1 Actinomyces oris strain=T14V, ASM155393v1",/mnt/HDD/kia/HMP_reference/gtdb-rs207.genomic-reps.dna.k31.zip,b8fe439206f0708f15356748b7021bc7,0.06402950050284947,189000,11,3473000,,SRS050025.tar.bz2,9c36ff3b,35111000
225000,0.006408248127367492,0.09356408869659276,0.0049272307823758936,0.0049272307823758936,,,,"GCF_002096855.1 Streptococcus mitis strain=RH_17439_08, ASM209685v1",/mnt/HDD/kia/HMP_reference/gtdb-rs207.genomic-reps.dna.k31.zip,271530c8ed519cbbb7261bc476509093,0.12168739859383451,173000,12,3300000,,SRS050025.tar.bz2,9c36ff3b,35111000
155000,0.004414570932186494,0.06398537477148081,0.003987354390361995,0.003987354390361995,,,,"GCF_001553855.1 Streptococcus gordonii strain=CCUG 33482, ASM155385v1",/mnt/HDD/kia/HMP_reference/gtdb-rs207.genomic-reps.dna.k31.zip,419095204c9ce692353e030f466fa6fe,0.07084095063985375,140000,13,3160000,,SRS050025.tar.bz2,9c36ff3b,35111000
133000,0.003787986670843895,0.061997160435399906,0.003731024465267295,0.003731024465267295,,,,"GCF_003252755.1 Haemophilus parainfluenzae strain=C2006002596, ASM325275v1",/mnt/HDD/kia/HMP_reference/gtdb-rs207.genomic-reps.dna.k31.zip,3e8fd94fed6765b59ed6454114bdcb94,0.06294368196876479,131000,14,3029000,,SRS050025.tar.bz2,9c36ff3b,35111000
245000,0.006977870183133491,0.0472885032537961,0.003104440203924696,0.003104440203924696,,,,"GCF_013408445.1 Corynebacterium tuberculostearicum strain=DSM 44922, ASM1340844v1",/mnt/HDD/kia/HMP_reference/gtdb-rs207.genomic-reps.dna.k31.zip,8897c1bb4f3ce709a4ad43a0e85932fc,0.10629067245119306,109000,15,2920000,,SRS050025.tar.bz2,9c36ff3b,35111000
109000,0.003104440203924696,0.04817127564674398,0.003075959101136396,0.003075959101136396,,,,"GCF_902810435.1 Veillonella parvula strain=SKV38, SKV38",/mnt/HDD/kia/HMP_reference/gtdb-rs207.genomic-reps.dna.k31.zip,92fffacc05525a8c6779bf5455282783,0.04861730597680642,108000,16,2812000,,SRS050025.tar.bz2,9c36ff3b,35111000
104000,0.002962034689983196,0.04186991869918699,0.002933553587194896,0.002933553587194896,,,,"GCF_000164695.2 Rothia dentocariosa ATCC 17931 strain=ATCC 17931, ASM16469v2",/mnt/HDD/kia/HMP_reference/gtdb-rs207.genomic-reps.dna.k31.zip,749b0a6cf814c3c640e32fe578204f06,0.04227642276422764,103000,17,2709000,,SRS050025.tar.bz2,9c36ff3b,35111000
197000,0.005610777249295092,0.046146293568973984,0.0026772236621001966,0.0026772236621001966,,,,"GCF_901542415.1 Streptococcus mitis strain=NCTC11189, 41965_E01",/mnt/HDD/kia/HMP_reference/gtdb-rs207.genomic-reps.dna.k31.zip,e01ebbdeb8e159536c1661a79f0e4617,0.09671084928816888,94000,18,2615000,,SRS050025.tar.bz2,9c36ff3b,35111000
91000,0.002591780353735297,0.033321127792017576,0.002591780353735297,0.002591780353735297,,,,"GCF_014054945.1 Neisseria sicca strain=DSM 17713, ASM1405494v1",/mnt/HDD/kia/HMP_reference/gtdb-rs207.genomic-reps.dna.k31.zip,8cc3eeed549c7bdaf1c555749526a783,0.033321127792017576,91000,19,2524000,,SRS050025.tar.bz2,9c36ff3b,35111000
98000,0.002791148073253396,0.04090194022024122,0.002221526017487397,0.002221526017487397,,,,"GCF_000159695.1 Finegoldia magna ATCC 53516 strain=ATCC 53516, ASM15969v1",/mnt/HDD/kia/HMP_reference/gtdb-rs207.genomic-reps.dna.k31.zip,a0a5f5260c65de59aa6cf6f2851e3b3a,0.051389617199790245,78000,20,2446000,,SRS050025.tar.bz2,9c36ff3b,35111000
95000,0.0027057047648884965,0.04393063583815029,0.0021645638119107973,0.0021645638119107973,,,,"GCF_017874535.1 Anaerococcus nagyae strain=DSM 101193, ASM1787453v1",/mnt/HDD/kia/HMP_reference/gtdb-rs207.genomic-reps.dna.k31.zip,097b61e5c11b96a706fcb29cfbeca564,0.05491329479768786,76000,21,2370000,,SRS050025.tar.bz2,9c36ff3b,35111000
195000,0.0055538150437184925,0.03672456575682382,0.0021076016063341974,0.0021076016063341974,,,,"GCF_003942765.1 Streptococcus mitis strain=KLC01, ASM394276v1",/mnt/HDD/kia/HMP_reference/gtdb-rs207.genomic-reps.dna.k31.zip,b715516d33d250377659058f53fd99b0,0.0967741935483871,74000,22,2296000,,SRS050025.tar.bz2,9c36ff3b,35111000
70000,0.0019936771951809974,0.0343980343980344,0.0019936771951809974,0.0019936771951809974,,,,"GCF_000160075.2 Abiotrophia defectiva ATCC 49176 strain=ATCC 49176, ASM16007v2",/mnt/HDD/kia/HMP_reference/gtdb-rs207.genomic-reps.dna.k31.zip,eb7e97ab5c39ec0da7cf3d959939544b,0.0343980343980344,70000,23,2226000,,SRS050025.tar.bz2,9c36ff3b,35111000
138000,0.003930392184785395,0.03449975357318876,0.0019936771951809974,0.0019936771951809974,,,,"GCA_900766305.1 uncultured Gemella sp., SRS372688_6",/mnt/HDD/kia/HMP_reference/gtdb-rs207.genomic-reps.dna.k31.zip,d5fcb65f2e71bfe9f151d7e7e263a4e1,0.06801379990142928,70000,24,2156000,,SRS050025.tar.bz2,9c36ff3b,35111000
80000,0.002278488223063997,0.0367965367965368,0.0019367149896043975,0.0019367149896043975,,,,"GCF_000188295.1 Streptococcus vestibularis ATCC 49124 strain=ATCC 49124, ASM18829v1",/mnt/HDD/kia/HMP_reference/gtdb-rs207.genomic-reps.dna.k31.zip,f10d58765fd345bffe82da57fb72ecc7,0.04329004329004329,68000,25,2088000,,SRS050025.tar.bz2,9c36ff3b,35111000
270000,0.00768989775284099,0.03563829787234043,0.0019082338868160976,0.0019082338868160976,,,,"GCF_900637025.1 Streptococcus oralis ATCC 35037 strain=NCTC 11427, 46338_H01",/mnt/HDD/kia/HMP_reference/gtdb-rs207.genomic-reps.dna.k31.zip,61ac977e73f60206eef2c75fc0c0301d,0.14361702127659576,67000,26,2021000,,SRS050025.tar.bz2,9c36ff3b,35111000
68000,0.0019367149896043975,0.019168386906517253,0.0018512716812394976,0.0018512716812394976,,,,"GCF_900637725.1 Pseudopropionibacterium propionicum strain=NCTC12967, 52551_C01",/mnt/HDD/kia/HMP_reference/gtdb-rs207.genomic-reps.dna.k31.zip,10bd37bd6f1a63359b7945b88d23b0c3,0.020053081686818047,65000,27,1956000,,SRS050025.tar.bz2,9c36ff3b,35111000
147000,0.004186722109880095,0.024018299656881435,0.0017943094756628977,0.0017943094756628977,,,,"GCF_008326345.1 Cutibacterium sp. M12 strain=M12, ASM832634v1",/mnt/HDD/kia/HMP_reference/gtdb-rs207.genomic-reps.dna.k31.zip,9a7d83510c12b8ec999fdb0e9d4cad82,0.05604269919939001,63000,28,1893000,,SRS050025.tar.bz2,9c36ff3b,35111000
168000,0.004784825268434394,0.019090041361756283,0.0017088661672979978,0.0017088661672979978,,,,"GCF_006546825.1 Actinomyces oris strain=CCUG 34288, ASM654682v1",/mnt/HDD/kia/HMP_reference/gtdb-rs207.genomic-reps.dna.k31.zip,e8605a9ea870c376247ec0446d5ce47b,0.053452115812917596,60000,29,1833000,,SRS050025.tar.bz2,9c36ff3b,35111000
271000,0.00771837885562929,0.0213078618662748,0.0016519039617213978,0.0016519039617213978,,,,"GCF_002902405.1 Staphylococcus schweitzeri strain=DSM 28300, ASM290240v1",/mnt/HDD/kia/HMP_reference/gtdb-rs207.genomic-reps.dna.k31.zip,3166a8fefd0ee76f2a3236b77772e752,0.09955914768552535,58000,30,1775000,,SRS050025.tar.bz2,9c36ff3b,35111000
77000,0.002193044914699097,0.02773650321941555,0.001594941756144798,0.001594941756144798,,,,"GCF_004166885.1 Streptococcus sp. bf_0095 strain=bf_0095, ASM416688v1",/mnt/HDD/kia/HMP_reference/gtdb-rs207.genomic-reps.dna.k31.zip,56290af52b13e9b1583c3aae6908e794,0.03813769192669639,56000,31,1719000,,SRS050025.tar.bz2,9c36ff3b,35111000
57000,0.0016234228589330978,0.02429328621908127,0.001566460653356498,0.001566460653356498,,,,"GCF_000175615.1 Rothia mucilaginosa ATCC 25296 strain=ATCC 25296, ASM17561v1",/mnt/HDD/kia/HMP_reference/gtdb-rs207.genomic-reps.dna.k31.zip,11db2ba4a5b7213bf246441cf0a5780d,0.02517667844522968,55000,32,1664000,,SRS050025.tar.bz2,9c36ff3b,35111000
78000,0.002221526017487397,0.024489795918367346,0.001537979550568198,0.001537979550568198,,,,"GCF_000212815.1 Streptococcus sanguinis SK49 strain=SK49, ASM21281v1",/mnt/HDD/kia/HMP_reference/gtdb-rs207.genomic-reps.dna.k31.zip,a512d59b4684bd9f842de51327966de2,0.03537414965986395,54000,33,1610000,,SRS050025.tar.bz2,9c36ff3b,35111000
55000,0.001566460653356498,0.011111111111111112,0.001537979550568198,0.001537979550568198,,,,"GCF_002197815.1 Pseudomonas oleovorans subsp. oleovorans strain=DSM 1045, ASM219781v1",/mnt/HDD/kia/HMP_reference/gtdb-rs207.genomic-reps.dna.k31.zip,c3934963a0c91f7d14e718c2e3ca4b1e,0.01131687242798354,54000,34,1556000,,SRS050025.tar.bz2,9c36ff3b,35111000
