intersect_bp,f_orig_query,f_match,f_unique_to_query,f_unique_weighted,average_abund,median_abund,std_abund,name,filename,md5,f_match_orig,unique_intersect_bp,gather_result_rank,remaining_bp,query_filename,query_name,query_md5,query_bp
2325000,0.09469311285789923,0.9567901234567902,0.09469311285789923,0.09469311285789923,,,,"GCF_003030305.1 Cutibacterium acnes strain=ATCC 6919, ASM303030v1",/mnt/HDD/kia/HMP_reference/gtdb-rs207.genomic-reps.dna.k31.zip,ff021938b2e5aeb2c3d43194bd8f6fed,0.9567901234567902,2325000,0,5554000,,SRS022129.tar.bz2,b6e31a82,24553000
1285000,0.05233576345049485,0.544030482641829,0.05233576345049485,0.05233576345049485,,,,"GCF_006742205.1 Staphylococcus epidermidis strain=NBRC 100911, ASM674220v1",/mnt/HDD/kia/HMP_reference/gtdb-rs207.genomic-reps.dna.k31.zip,573514f3d349904ef56eb74c28c247d7,0.544030482641829,1285000,1,4269000,,SRS022129.tar.bz2,b6e31a82,24553000
1193000,0.04858876715676292,0.7598726114649682,0.04858876715676292,0.04858876715676292,,,,"GCA_003241315.1 Lawsonella clevelandensis, ASM324131v1",/mnt/HDD/kia/HMP_reference/gtdb-rs207.genomic-reps.dna.k31.zip,615e5c6c38f626bff2360eec57680c79,0.7598726114649682,1193000,2,3076000,,SRS022129.tar.bz2,b6e31a82,24553000
878000,0.03575937767278948,0.3375820780224025,0.03559646479045331,0.03559646479045331,,,,"GCF_002154655.1 Corynebacterium kefirresidentii strain=SB, ASM215465v1",/mnt/HDD/kia/HMP_reference/gtdb-rs207.genomic-reps.dna.k31.zip,6a7c544dce2b6d683a1acb703e969a91,0.3391270760911549,874000,3,2202000,,SRS022129.tar.bz2,b6e31a82,24553000
393000,0.016006190689528774,0.1708832667554372,0.015680364924856433,0.015680364924856433,,,,"GCF_900186975.1 Cutibacterium granulosum strain=NCTC11865, 50569_F01",/mnt/HDD/kia/HMP_reference/gtdb-rs207.genomic-reps.dna.k31.zip,737acad50d16ca56da72f9d2a7ffd059,0.1744340878828229,385000,4,1817000,,SRS022129.tar.bz2,b6e31a82,24553000
271000,0.011037347778275567,0.0953073845034558,0.010670793793019183,0.010670793793019183,,,,"GCF_001027105.1 Staphylococcus aureus subsp. aureus DSM 20231 strain=DSM 20231, ASM102710v1",/mnt/HDD/kia/HMP_reference/gtdb-rs207.genomic-reps.dna.k31.zip,185d23ed7456f793b36f5c5f7f0a4c80,0.09858130229174245,262000,5,1555000,,SRS022129.tar.bz2,b6e31a82,24553000
246000,0.0100191422636745,0.09264644786040714,0.009082393190241518,0.009082393190241518,,,,"GCF_000159115.1 Corynebacterium accolens ATCC 49725 strain=ATCC 49725, ASM15911v1",/mnt/HDD/kia/HMP_reference/gtdb-rs207.genomic-reps.dna.k31.zip,30fc14d53964d66f039fe9009573cee3,0.10220191109264645,223000,6,1332000,,SRS022129.tar.bz2,b6e31a82,24553000
157000,0.006394330631694701,0.08693244739756367,0.006394330631694701,0.006394330631694701,,,,"GCF_900106515.1 Peptoniphilus lacydonensis strain=EL1, PRJEB16530",/mnt/HDD/kia/HMP_reference/gtdb-rs207.genomic-reps.dna.k31.zip,b4b406f34659b0ee300ff2dee0f6de99,0.08693244739756367,157000,7,1175000,,SRS022129.tar.bz2,b6e31a82,24553000
155000,0.006312874190526616,0.0737743931461209,0.006312874190526616,0.006312874190526616,,,,"GCF_900654165.1 Neisseria flavescens strain=N13, PRJEB30649-R19",/mnt/HDD/kia/HMP_reference/gtdb-rs207.genomic-reps.dna.k31.zip,9e2f71ef359430d825b98076799ecf08,0.0737743931461209,155000,8,1020000,,SRS022129.tar.bz2,b6e31a82,24553000
116000,0.004724473587748951,0.05900461775269369,0.004683745367164908,0.004683745367164908,,,,"GCF_014931275.1 Haemophilus parainfluenzae strain=M1C160_1, ASM1493127v1",/mnt/HDD/kia/HMP_reference/gtdb-rs207.genomic-reps.dna.k31.zip,90ed85567504e269bdef87c296aa46c1,0.059517701385325805,115000,9,905000,,SRS022129.tar.bz2,b6e31a82,24553000
183000,0.007453264366879811,0.03253796095444685,0.0030546165438032013,0.0030546165438032013,,,,"GCF_016127015.1 Corynebacterium tuberculostearicum strain=FDAARGOS_993, ASM1612701v1",/mnt/HDD/kia/HMP_reference/gtdb-rs207.genomic-reps.dna.k31.zip,74c4ea8211b98e35d7dda10fb5dc1861,0.07939262472885032,75000,10,830000,,SRS022129.tar.bz2,b6e31a82,24553000
66000,0.002688062558546817,0.02986425339366516,0.002688062558546817,0.002688062558546817,,,,"GCF_000187745.1 Streptococcus sp. M334 strain=M334, ASM18774v1",/mnt/HDD/kia/HMP_reference/gtdb-rs207.genomic-reps.dna.k31.zip,871ce9439ca9d063f58e00414c9a5235,0.02986425339366516,66000,11,764000,,SRS022129.tar.bz2,b6e31a82,24553000
