intersect_bp,f_orig_query,f_match,f_unique_to_query,f_unique_weighted,average_abund,median_abund,std_abund,name,filename,md5,f_match_orig,unique_intersect_bp,gather_result_rank,remaining_bp,query_filename,query_name,query_md5,query_bp
2087000,0.060781686859273064,0.8588477366255144,0.060781686859273064,0.060781686859273064,,,,"GCF_003030305.1 Cutibacterium acnes strain=ATCC 6919, ASM303030v1",/mnt/HDD/kia/HMP_reference/gtdb-rs207.genomic-reps.dna.k31.zip,ff021938b2e5aeb2c3d43194bd8f6fed,0.8588477366255144,2087000,0,6609000,,SRS014901.tar.bz2,d301c7ab,34336000
1250000,0.0364049394221808,0.7961783439490446,0.0364049394221808,0.0364049394221808,,,,"GCA_003241315.1 Lawsonella clevelandensis, ASM324131v1",/mnt/HDD/kia/HMP_reference/gtdb-rs207.genomic-reps.dna.k31.zip,615e5c6c38f626bff2360eec57680c79,0.7961783439490446,1250000,1,5359000,,SRS014901.tar.bz2,d301c7ab,34336000
1103000,0.032123718546132336,0.4578313253012048,0.03209459459459459,0.03209459459459459,,,,"GCF_000159115.1 Corynebacterium accolens ATCC 49725 strain=ATCC 49725, ASM15911v1",/mnt/HDD/kia/HMP_reference/gtdb-rs207.genomic-reps.dna.k31.zip,30fc14d53964d66f039fe9009573cee3,0.4582467802243457,1102000,2,4257000,,SRS014901.tar.bz2,d301c7ab,34336000
927000,0.02699790307548928,0.5104625550660793,0.02699790307548928,0.02699790307548928,,,,"GCF_000245815.1 Dolosigranulum pigrum ATCC 51524 strain=ATCC 51524, Dolo_pigr_ATCC_51524_V1",/mnt/HDD/kia/HMP_reference/gtdb-rs207.genomic-reps.dna.k31.zip,786730e4a7016d177710bc545c7918ca,0.5104625550660793,927000,3,3330000,,SRS014901.tar.bz2,d301c7ab,34336000
636000,0.018522833178005592,0.26926333615580017,0.018522833178005592,0.018522833178005592,,,,"GCF_006742205.1 Staphylococcus epidermidis strain=NBRC 100911, ASM674220v1",/mnt/HDD/kia/HMP_reference/gtdb-rs207.genomic-reps.dna.k31.zip,573514f3d349904ef56eb74c28c247d7,0.26926333615580017,636000,4,2694000,,SRS014901.tar.bz2,d301c7ab,34336000
422000,0.012290307548928238,0.09049967831867896,0.012290307548928238,0.012290307548928238,,,,"GCF_000797515.1 Sphingomonas sp. Ant H11 strain=Ant H11, ASM79751v1",/mnt/HDD/kia/HMP_reference/gtdb-rs207.genomic-reps.dna.k31.zip,a404dcc4da6a7675e544953d129d5ac5,0.09049967831867896,422000,5,2272000,,SRS014901.tar.bz2,d301c7ab,34336000
814000,0.023706896551724137,0.16585760517799353,0.011940820130475304,0.011940820130475304,,,,"GCF_000478175.1 Corynebacterium sp. KPL1814 strain=KPL1814, Cory_sp_KPL1814_V1",/mnt/HDD/kia/HMP_reference/gtdb-rs207.genomic-reps.dna.k31.zip,4cde657a6de5dd95199d6e1d2ee0d378,0.32928802588996764,410000,6,1862000,,SRS014901.tar.bz2,d301c7ab,34336000
379000,0.011037977632805219,0.16511318242343542,0.010834109972041006,0.010834109972041006,,,,"GCF_900186975.1 Cutibacterium granulosum strain=NCTC11865, 50569_F01",/mnt/HDD/kia/HMP_reference/gtdb-rs207.genomic-reps.dna.k31.zip,737acad50d16ca56da72f9d2a7ffd059,0.16822015090989792,372000,7,1490000,,SRS014901.tar.bz2,d301c7ab,34336000
281000,0.008183830382106244,0.11871943085815918,0.007776095060577819,0.007776095060577819,,,,"GCF_000688415.1 Corynebacterium pseudodiphtheriticum DSM 44287 strain=DSM 44287, ASM68841v1",/mnt/HDD/kia/HMP_reference/gtdb-rs207.genomic-reps.dna.k31.zip,959fe9cdced42dc4a88ae7978625c47e,0.1249444197421076,267000,8,1223000,,SRS014901.tar.bz2,d301c7ab,34336000
124000,0.0036113699906803356,0.041901692183722805,0.0030288909599254427,0.0030288909599254427,,,,"GCF_002902325.1 Staphylococcus capitis subsp. capitis strain=NCTC 11045, ASM290232v1",/mnt/HDD/kia/HMP_reference/gtdb-rs207.genomic-reps.dna.k31.zip,ee650d57ebdb152533f91818a75ffcf6,0.0499597099113618,104000,9,1119000,,SRS014901.tar.bz2,d301c7ab,34336000
137000,0.003989981360671016,0.039783700270374665,0.002999767008387698,0.002999767008387698,,,,"GCF_002154655.1 Corynebacterium kefirresidentii strain=SB, ASM215465v1",/mnt/HDD/kia/HMP_reference/gtdb-rs207.genomic-reps.dna.k31.zip,6a7c544dce2b6d683a1acb703e969a91,0.052916183854770184,103000,10,1016000,,SRS014901.tar.bz2,d301c7ab,34336000
243000,0.007077120223671947,0.043459915611814344,0.002999767008387698,0.002999767008387698,,,,"GCF_001642025.1 [Propionibacterium] namnetense strain=NTS 31307302, ASM164202v1",/mnt/HDD/kia/HMP_reference/gtdb-rs207.genomic-reps.dna.k31.zip,ddeb72b30b6fb2c315bf4b2a7aa36fd8,0.10253164556962026,103000,11,913000,,SRS014901.tar.bz2,d301c7ab,34336000
161000,0.004688956197576887,0.0335493709492947,0.0025629077353215286,0.0025629077353215286,,,,"GCF_008326345.1 Cutibacterium sp. M12 strain=M12, ASM832634v1",/mnt/HDD/kia/HMP_reference/gtdb-rs207.genomic-reps.dna.k31.zip,9a7d83510c12b8ec999fdb0e9d4cad82,0.06138009912314144,88000,12,825000,,SRS014901.tar.bz2,d301c7ab,34336000
85000,0.0024755358807082945,0.046511627906976744,0.00244641192917055,0.00244641192917055,,,,"GCF_900106515.1 Peptoniphilus lacydonensis strain=EL1, PRJEB16530",/mnt/HDD/kia/HMP_reference/gtdb-rs207.genomic-reps.dna.k31.zip,b4b406f34659b0ee300ff2dee0f6de99,0.04706533776301218,84000,13,741000,,SRS014901.tar.bz2,d301c7ab,34336000
117000,0.003407502329916123,0.03317152103559871,0.0023881640260950605,0.0023881640260950605,,,,"GCF_000227295.1 Cutibacterium avidum ATCC 25577 strain=ATCC 25577, ASM22729v1",/mnt/HDD/kia/HMP_reference/gtdb-rs207.genomic-reps.dna.k31.zip,639e64517aa790c6b3ed1747dd35d801,0.04733009708737864,82000,14,659000,,SRS014901.tar.bz2,d301c7ab,34336000
81000,0.002359040074557316,0.036914339801230475,0.002271668219944082,0.002271668219944082,,,,"GCF_003252755.1 Haemophilus parainfluenzae strain=C2006002596, ASM325275v1",/mnt/HDD/kia/HMP_reference/gtdb-rs207.genomic-reps.dna.k31.zip,3e8fd94fed6765b59ed6454114bdcb94,0.038334122101277804,78000,15,581000,,SRS014901.tar.bz2,d301c7ab,34336000
77000,0.0022425442684063375,0.036292300147130946,0.0021551724137931034,0.0021551724137931034,,,,"GCF_002386345.1 Streptococcus oralis strain=FDAARGOS_367, ASM238634v1",/mnt/HDD/kia/HMP_reference/gtdb-rs207.genomic-reps.dna.k31.zip,574c99593e991dd13455614261fa499f,0.03776360961255518,74000,16,507000,,SRS014901.tar.bz2,d301c7ab,34336000
63000,0.0018348089468779123,0.008962868117797696,0.0018348089468779123,0.0018348089468779123,,,,"GCF_018129965.1 Bradyrhizobium diazoefficiens strain=SZCCT0138, ASM1812996v1",/mnt/HDD/kia/HMP_reference/gtdb-rs207.genomic-reps.dna.k31.zip,bec98ccf6a73e197c5810c46410fd37c,0.008962868117797696,63000,17,444000,,SRS014901.tar.bz2,d301c7ab,34336000
77000,0.0022425442684063375,0.02385935537881959,0.0016600652376514446,0.0016600652376514446,,,,"GCF_900458815.1 Staphylococcus saccharolyticus strain=NCTC11807, 49699_H02",/mnt/HDD/kia/HMP_reference/gtdb-rs207.genomic-reps.dna.k31.zip,cbe91525a64613ad31f55ec533254ccf,0.032231059020510676,57000,18,387000,,SRS014901.tar.bz2,d301c7ab,34336000
124000,0.0036113699906803356,0.022559652928416486,0.0015144454799627214,0.0015144454799627214,,,,"GCF_013408445.1 Corynebacterium tuberculostearicum strain=DSM 44922, ASM1340844v1",/mnt/HDD/kia/HMP_reference/gtdb-rs207.genomic-reps.dna.k31.zip,8897c1bb4f3ce709a4ad43a0e85932fc,0.053796095444685464,52000,19,335000,,SRS014901.tar.bz2,d301c7ab,34336000
