intersect_bp,f_orig_query,f_match,f_unique_to_query,f_unique_weighted,average_abund,median_abund,std_abund,name,filename,md5,f_match_orig,unique_intersect_bp,gather_result_rank,remaining_bp,query_filename,query_name,query_md5,query_bp
1661000,0.12125857789458315,0.6835390946502058,0.12125857789458315,0.12125857789458315,,,,"GCF_003030305.1 Cutibacterium acnes strain=ATCC 6919, ASM303030v1",/mnt/HDD/kia/HMP_reference/gtdb-rs207.genomic-reps.dna.k31.zip,ff021938b2e5aeb2c3d43194bd8f6fed,0.6835390946502058,1661000,0,1777000,,SRS046344.tar.bz2,ac59de5f,13698000
483000,0.035260621988611476,0.3076433121019108,0.035260621988611476,0.035260621988611476,,,,"GCA_003241315.1 Lawsonella clevelandensis, ASM324131v1",/mnt/HDD/kia/HMP_reference/gtdb-rs207.genomic-reps.dna.k31.zip,615e5c6c38f626bff2360eec57680c79,0.3076433121019108,483000,1,1294000,,SRS046344.tar.bz2,ac59de5f,13698000
282000,0.02058694699956198,0.11674283340257582,0.020513943641407503,0.020513943641407503,,,,"GCF_000159115.1 Corynebacterium accolens ATCC 49725 strain=ATCC 49725, ASM15911v1",/mnt/HDD/kia/HMP_reference/gtdb-rs207.genomic-reps.dna.k31.zip,30fc14d53964d66f039fe9009573cee3,0.11715828832571666,281000,2,1013000,,SRS046344.tar.bz2,ac59de5f,13698000
281000,0.020513943641407503,0.11896697713801863,0.020513943641407503,0.020513943641407503,,,,"GCF_006742205.1 Staphylococcus epidermidis strain=NBRC 100911, ASM674220v1",/mnt/HDD/kia/HMP_reference/gtdb-rs207.genomic-reps.dna.k31.zip,573514f3d349904ef56eb74c28c247d7,0.11896697713801863,281000,3,732000,,SRS046344.tar.bz2,ac59de5f,13698000
227000,0.01657176230106585,0.09764758100310697,0.016060738793984522,0.016060738793984522,,,,"GCF_900186975.1 Cutibacterium granulosum strain=NCTC11865, 50569_F01",/mnt/HDD/kia/HMP_reference/gtdb-rs207.genomic-reps.dna.k31.zip,737acad50d16ca56da72f9d2a7ffd059,0.10075454948956947,220000,4,512000,,SRS046344.tar.bz2,ac59de5f,13698000
119000,0.008687399620382537,0.04055619930475087,0.007665352606219886,0.007665352606219886,,,,"GCF_002154655.1 Corynebacterium kefirresidentii strain=SB, ASM215465v1",/mnt/HDD/kia/HMP_reference/gtdb-rs207.genomic-reps.dna.k31.zip,6a7c544dce2b6d683a1acb703e969a91,0.04596369254538432,105000,5,407000,,SRS046344.tar.bz2,ac59de5f,13698000
218000,0.01591473207767557,0.0412621359223301,0.007446342531756461,0.007446342531756461,,,,"GCF_000478175.1 Corynebacterium sp. KPL1814 strain=KPL1814, Cory_sp_KPL1814_V1",/mnt/HDD/kia/HMP_reference/gtdb-rs207.genomic-reps.dna.k31.zip,4cde657a6de5dd95199d6e1d2ee0d378,0.08818770226537216,102000,6,305000,,SRS046344.tar.bz2,ac59de5f,13698000
87000,0.006351292159439334,0.039224952741020794,0.006059278726821434,0.006059278726821434,,,,"GCA_018376445.1 Corynebacteriales bacterium, ASM1837644v1",/mnt/HDD/kia/HMP_reference/gtdb-rs207.genomic-reps.dna.k31.zip,6c8b1f14a29f4273034e0af0b66104c7,0.04111531190926276,83000,7,222000,,SRS046344.tar.bz2,ac59de5f,13698000
91000,0.006643305592057234,0.03263497179693795,0.005913272010512484,0.005913272010512484,,,,"GCF_002902325.1 Staphylococcus capitis subsp. capitis strain=NCTC 11045, ASM290232v1",/mnt/HDD/kia/HMP_reference/gtdb-rs207.genomic-reps.dna.k31.zip,ee650d57ebdb152533f91818a75ffcf6,0.036663980660757454,81000,8,141000,,SRS046344.tar.bz2,ac59de5f,13698000
