intersect_bp,f_orig_query,f_match,f_unique_to_query,f_unique_weighted,average_abund,median_abund,std_abund,name,filename,md5,f_match_orig,unique_intersect_bp,gather_result_rank,remaining_bp,query_filename,query_name,query_md5,query_bp
2423000,0.013717475486310832,0.997119341563786,0.013717475486310832,0.013717475486310832,,,,"GCF_003030305.1 Cutibacterium acnes strain=ATCC 6919, ASM303030v1",/mnt/HDD/kia/HMP_reference/gtdb-rs207.genomic-reps.dna.k31.zip,ff021938b2e5aeb2c3d43194bd8f6fed,0.997119341563786,2423000,0,14817000,,SRS020261.tar.bz2,de2f035a,176636000
1979000,0.011203831608505627,0.8378492802709568,0.011203831608505627,0.011203831608505627,,,,"GCF_006742205.1 Staphylococcus epidermidis strain=NBRC 100911, ASM674220v1",/mnt/HDD/kia/HMP_reference/gtdb-rs207.genomic-reps.dna.k31.zip,573514f3d349904ef56eb74c28c247d7,0.8378492802709568,1979000,1,12838000,,SRS020261.tar.bz2,de2f035a,176636000
1643000,0.009301614619896283,0.7261429205503773,0.009261985099300256,0.009261985099300256,,,,"GCF_900186975.1 Cutibacterium granulosum strain=NCTC11865, 50569_F01",/mnt/HDD/kia/HMP_reference/gtdb-rs207.genomic-reps.dna.k31.zip,737acad50d16ca56da72f9d2a7ffd059,0.7292498890368397,1636000,2,11202000,,SRS020261.tar.bz2,de2f035a,176636000
1636000,0.009261985099300256,0.6442385173247381,0.009052514776149823,0.009052514776149823,,,,"GCF_002902325.1 Staphylococcus capitis subsp. capitis strain=NCTC 11045, ASM290232v1",/mnt/HDD/kia/HMP_reference/gtdb-rs207.genomic-reps.dna.k31.zip,ee650d57ebdb152533f91818a75ffcf6,0.6591458501208702,1599000,3,9603000,,SRS020261.tar.bz2,de2f035a,176636000
1498000,0.008480717407549989,0.954140127388535,0.008480717407549989,0.008480717407549989,,,,"GCA_003241315.1 Lawsonella clevelandensis, ASM324131v1",/mnt/HDD/kia/HMP_reference/gtdb-rs207.genomic-reps.dna.k31.zip,615e5c6c38f626bff2360eec57680c79,0.954140127388535,1498000,4,8105000,,SRS020261.tar.bz2,de2f035a,176636000
1398000,0.007914581399035303,0.7740863787375415,0.007914581399035303,0.007914581399035303,,,,"GCF_900106515.1 Peptoniphilus lacydonensis strain=EL1, PRJEB16530",/mnt/HDD/kia/HMP_reference/gtdb-rs207.genomic-reps.dna.k31.zip,b4b406f34659b0ee300ff2dee0f6de99,0.7740863787375415,1398000,5,6707000,,SRS020261.tar.bz2,de2f035a,176636000
1351000,0.007648497475033402,0.7132034632034632,0.007461672592223556,0.007461672592223556,,,,"GCF_900445265.1 Anaerococcus octavius strain=NCTC9810, 51765_E01",/mnt/HDD/kia/HMP_reference/gtdb-rs207.genomic-reps.dna.k31.zip,241cbbfed00807dab6c63c4d320f3bbc,0.7310606060606061,1318000,6,5389000,,SRS020261.tar.bz2,de2f035a,176636000
651000,0.0036855454154306033,0.1991561181434599,0.002672161960189316,0.002672161960189316,,,,"GCF_001642025.1 [Propionibacterium] namnetense strain=NTS 31307302, ASM164202v1",/mnt/HDD/kia/HMP_reference/gtdb-rs207.genomic-reps.dna.k31.zip,ddeb72b30b6fb2c315bf4b2a7aa36fd8,0.2746835443037975,472000,7,4917000,,SRS020261.tar.bz2,de2f035a,176636000
254000,0.0014379854616273014,0.10197663971248877,0.0012851287393283361,0.0012851287393283361,,,,"GCF_002901845.1 Staphylococcus hominis subsp. hominis strain=NCTC 11320, ASM290184v1",/mnt/HDD/kia/HMP_reference/gtdb-rs207.genomic-reps.dna.k31.zip,cf64854f163f18d453b3a5ae77843e92,0.11410601976639713,227000,8,4690000,,SRS020261.tar.bz2,de2f035a,176636000
265000,0.0015002604225639168,0.13005780346820808,0.0012738060191580425,0.0012738060191580425,,,,"GCF_017874535.1 Anaerococcus nagyae strain=DSM 101193, ASM1787453v1",/mnt/HDD/kia/HMP_reference/gtdb-rs207.genomic-reps.dna.k31.zip,097b61e5c11b96a706fcb29cfbeca564,0.1531791907514451,225000,9,4465000,,SRS020261.tar.bz2,de2f035a,176636000
213000,0.0012058696981362802,0.0426,0.0012058696981362802,0.0012058696981362802,,,,"GCF_000012825.1 Bacteroides vulgatus ATCC 8482 strain=ATCC 8482, ASM1282v1",/mnt/HDD/kia/HMP_reference/gtdb-rs207.genomic-reps.dna.k31.zip,960cc77fc7b96d595712107aaa1524b5,0.0426,213000,10,4252000,,SRS020261.tar.bz2,de2f035a,176636000
205000,0.0011605788174551053,0.0724174653887114,0.0011549174573699586,0.0011549174573699586,,,,"GCF_011612265.2 Corynebacterium matruchotii strain=ATCC 14266, ASM1161226v2",/mnt/HDD/kia/HMP_reference/gtdb-rs207.genomic-reps.dna.k31.zip,db37b4d014ce2defcf45ffa5d152f30d,0.07277245296414625,204000,11,4048000,,SRS020261.tar.bz2,de2f035a,176636000
203000,0.0011492560972848117,0.04147665580890337,0.0010813197762630494,0.0010813197762630494,,,,"GCF_000154205.1 Bacteroides uniformis ATCC 8492 strain=ATCC 8492, ASM15420v1",/mnt/HDD/kia/HMP_reference/gtdb-rs207.genomic-reps.dna.k31.zip,2e2ee99950af50be6093dcb7d1a24282,0.04408251900108578,191000,12,3857000,,SRS020261.tar.bz2,de2f035a,176636000
175000,0.0009907380149006997,0.06989028850060951,0.0009737539346452591,0.0009737539346452591,,,,"GCF_000023205.1 Micrococcus luteus NCTC 2665 strain=NCTC 2665 (Fleming 2665), ASM2320v1",/mnt/HDD/kia/HMP_reference/gtdb-rs207.genomic-reps.dna.k31.zip,8e9806f138b3d912b372c67c874dbc4d,0.07110930516050386,172000,13,3685000,,SRS020261.tar.bz2,de2f035a,176636000
158000,0.0008944948934532031,0.14538676607642126,0.0008831721732829095,0.0008831721732829095,,,,"GCA_003248485.1 Francisella sp., ASM324848v1",/mnt/HDD/kia/HMP_reference/gtdb-rs207.genomic-reps.dna.k31.zip,89e23aa6dc902099f68f4c95232a0111,0.14725069897483692,156000,14,3529000,,SRS020261.tar.bz2,de2f035a,176636000
141000,0.0007982517720057067,0.05379256965944272,0.0007869290518354129,0.0007869290518354129,,,,"GCF_000154465.1 Alistipes putredinis DSM 17216 strain=DSM 17216, ASM15446v1",/mnt/HDD/kia/HMP_reference/gtdb-rs207.genomic-reps.dna.k31.zip,db9feafdd9d3e3f2fb5caf52a730ce6a,0.05456656346749226,139000,15,3390000,,SRS020261.tar.bz2,de2f035a,176636000
125000,0.0007076700106433569,0.045770779934090074,0.0007076700106433569,0.0007076700106433569,,,,"GCF_014054945.1 Neisseria sicca strain=DSM 17713, ASM1405494v1",/mnt/HDD/kia/HMP_reference/gtdb-rs207.genomic-reps.dna.k31.zip,8cc3eeed549c7bdaf1c555749526a783,0.045770779934090074,125000,16,3265000,,SRS020261.tar.bz2,de2f035a,176636000
123000,0.0006963472904730633,0.031929165548698686,0.0006737018501324758,0.0006737018501324758,,,,"GCF_000374505.1 Alistipes onderdonkii WAL 8169 = DSM 19147 strain=DSM 19147, ASM37450v1",/mnt/HDD/kia/HMP_reference/gtdb-rs207.genomic-reps.dna.k31.zip,73b1fac0a2937ddee8501416d411f874,0.03300241481083982,119000,17,3146000,,SRS020261.tar.bz2,de2f035a,176636000
110000,0.0006227496093661541,0.04110612855007474,0.0006227496093661541,0.0006227496093661541,,,,"GCF_000411115.1 Capnocytophaga granulosa ATCC 51502 strain=ATCC 51502, Capn_gran_ATCC_51502_V1",/mnt/HDD/kia/HMP_reference/gtdb-rs207.genomic-reps.dna.k31.zip,6bc7a48b8662c9ae05f1365f18e4740a,0.04110612855007474,110000,18,3036000,,SRS020261.tar.bz2,de2f035a,176636000
125000,0.0007076700106433569,0.025603864734299518,0.0006001041690255667,0.0006001041690255667,,,,"GCF_000155815.1 Bacteroides eggerthii DSM 20697 strain=DSM 20697, ASM15581v1",/mnt/HDD/kia/HMP_reference/gtdb-rs207.genomic-reps.dna.k31.zip,ad674cb9a5a58ffd29e1086dfce27584,0.030193236714975844,106000,19,2930000,,SRS020261.tar.bz2,de2f035a,176636000
114000,0.0006453950497067415,0.04016994978756277,0.000588781448855273,0.000588781448855273,,,,"GCF_002154655.1 Corynebacterium kefirresidentii strain=SB, ASM215465v1",/mnt/HDD/kia/HMP_reference/gtdb-rs207.genomic-reps.dna.k31.zip,6a7c544dce2b6d683a1acb703e969a91,0.0440324449594438,104000,20,2826000,,SRS020261.tar.bz2,de2f035a,176636000
101000,0.0005717973685998324,0.03298497713912475,0.0005717973685998324,0.0005717973685998324,,,,"GCF_900637555.1 Lautropia mirabilis strain=NCTC12852, 51726_E01",/mnt/HDD/kia/HMP_reference/gtdb-rs207.genomic-reps.dna.k31.zip,5bb167c321b3d5ddc328e1d5bcda4a1e,0.03298497713912475,101000,21,2725000,,SRS020261.tar.bz2,de2f035a,176636000
106000,0.0006001041690255667,0.027923211169284468,0.0005434905681740981,0.0005434905681740981,,,,"GCF_000296465.1 Barnesiella intestinihominis YIT 11860 strain=YIT 11860, Barn_inte_YIT_11860_V1",/mnt/HDD/kia/HMP_reference/gtdb-rs207.genomic-reps.dna.k31.zip,1275c6492572d77c9e61dd4c70260ff4,0.030831878999418267,96000,22,2629000,,SRS020261.tar.bz2,de2f035a,176636000
190000,0.0010756584161779026,0.036218070911170415,0.0005378292080889513,0.0005378292080889513,,,,"GCF_008326345.1 Cutibacterium sp. M12 strain=M12, ASM832634v1",/mnt/HDD/kia/HMP_reference/gtdb-rs207.genomic-reps.dna.k31.zip,9a7d83510c12b8ec999fdb0e9d4cad82,0.07243614182234083,95000,23,2534000,,SRS020261.tar.bz2,de2f035a,176636000
109000,0.0006170882492810073,0.019932810750279955,0.0005038610475780702,0.0005038610475780702,,,,"GCF_000382445.1 Bacteroides massiliensis B84634 = Timone 84634 = DSM 17679 = JCM 13223 strain=DSM 17679, Bact_mass_DSM_17679_V1",/mnt/HDD/kia/HMP_reference/gtdb-rs207.genomic-reps.dna.k31.zip,a65db27ac6f6490cca7eeb016c93eea7,0.024412094064949607,89000,24,2445000,,SRS020261.tar.bz2,de2f035a,176636000
89000,0.0005038610475780702,0.0186075684716705,0.0005038610475780702,0.0005038610475780702,,,,"GCF_001729805.1 Enterobacter roggenkampii strain=DSM 16690, ASM172980v1",/mnt/HDD/kia/HMP_reference/gtdb-rs207.genomic-reps.dna.k31.zip,c77f51fef1fd0ae90ad423dc234cbed0,0.0186075684716705,89000,25,2356000,,SRS020261.tar.bz2,de2f035a,176636000
85000,0.00048121560723748274,0.03393939393939394,0.00047555424715233586,0.00047555424715233586,,,,"GCF_000023905.1 Leptotrichia buccalis C-1013-b strain=DSM 1135, ASM2390v1",/mnt/HDD/kia/HMP_reference/gtdb-rs207.genomic-reps.dna.k31.zip,3c5d89372abd843c1cce41914e09bd9c,0.03434343434343434,84000,26,2272000,,SRS020261.tar.bz2,de2f035a,176636000
104000,0.000588781448855273,0.03687445127304653,0.00047555424715233586,0.00047555424715233586,,,,"GCF_016894265.1 Corynebacterium tuberculostearicum strain=FDAARGOS_1198, ASM1689426v1",/mnt/HDD/kia/HMP_reference/gtdb-rs207.genomic-reps.dna.k31.zip,5f9b13a23691e04da6c85fdb2677bf38,0.0456540825285338,84000,27,2188000,,SRS020261.tar.bz2,de2f035a,176636000
85000,0.00048121560723748274,0.03774442928603911,0.00046989288706718904,0.00046989288706718904,,,,"GCF_000191405.1 Haemophilus parainfluenzae ATCC 33392 strain=ATCC 33392, ASM19140v1",/mnt/HDD/kia/HMP_reference/gtdb-rs207.genomic-reps.dna.k31.zip,fbfb9299b266913d2d2b6175ee509a88,0.03865393360618463,83000,28,2105000,,SRS020261.tar.bz2,de2f035a,176636000
87000,0.0004925383274077764,0.030513711857860178,0.0004472474467266016,0.0004472474467266016,,,,"GCF_003693265.1 Corynebacterium gottingense strain=DSM 103494, ASM369326v1",/mnt/HDD/kia/HMP_reference/gtdb-rs207.genomic-reps.dna.k31.zip,7827cfce812b6b0d4e828b520789bbf4,0.03360370799536501,79000,29,2026000,,SRS020261.tar.bz2,de2f035a,176636000
73000,0.00041327928621572046,0.010838901262063846,0.00041327928621572046,0.00041327928621572046,,,,"GCF_012767755.2 Pseudomonas sp. TUM18999 strain=TUM18999, ASM1276775v2",/mnt/HDD/kia/HMP_reference/gtdb-rs207.genomic-reps.dna.k31.zip,d1465f8653ddd9e1122b3bb4ac0cd119,0.010838901262063846,73000,30,1953000,,SRS020261.tar.bz2,de2f035a,176636000
72000,0.00040761792613057364,0.0345489443378119,0.00040761792613057364,0.00040761792613057364,,,,"GCF_000722685.1 Streptococcus mitis strain=SK667, ASM72268v1",/mnt/HDD/kia/HMP_reference/gtdb-rs207.genomic-reps.dna.k31.zip,84770a2c8868d0e7bfe23d7db415eb21,0.0345489443378119,72000,31,1881000,,SRS020261.tar.bz2,de2f035a,176636000
76000,0.00043026336647116105,0.03048264182895851,0.00040761792613057364,0.00040761792613057364,,,,"GCF_001274535.1 Leptotrichia sp. oral taxon 212 strain=W10393, ASM127453v1",/mnt/HDD/kia/HMP_reference/gtdb-rs207.genomic-reps.dna.k31.zip,628c4b9cb0d1d0471b76cc307aaa0977,0.03217612193056731,72000,32,1809000,,SRS020261.tar.bz2,de2f035a,176636000
130000,0.0007359768110690913,0.02912621359223301,0.00040761792613057364,0.00040761792613057364,,,,"GCF_000227295.1 Cutibacterium avidum ATCC 25577 strain=ATCC 25577, ASM22729v1",/mnt/HDD/kia/HMP_reference/gtdb-rs207.genomic-reps.dna.k31.zip,639e64517aa790c6b3ed1747dd35d801,0.052588996763754045,72000,33,1737000,,SRS020261.tar.bz2,de2f035a,176636000
81000,0.00045857016689689533,0.03151353750554816,0.00040195656604542676,0.00040195656604542676,,,,"GCA_900156035.1 Corynebacterium afermentans strain=DSM 44280, IMG-taxon 2681813557 annotated assembly",/mnt/HDD/kia/HMP_reference/gtdb-rs207.genomic-reps.dna.k31.zip,07c899ea30fd0def9e85c78cce3583a3,0.03595206391478029,71000,34,1666000,,SRS020261.tar.bz2,de2f035a,176636000
71000,0.00040195656604542676,0.02109328579916815,0.00040195656604542676,0.00040195656604542676,,,,"GCF_003324125.1 Subdoligranulum sp. APC924/74 strain=APC924/74, ASM332412v1",/mnt/HDD/kia/HMP_reference/gtdb-rs207.genomic-reps.dna.k31.zip,d9573861619433ac8c804b0d52209be0,0.02109328579916815,71000,35,1595000,,SRS020261.tar.bz2,de2f035a,176636000
191000,0.0010813197762630494,0.012704174228675136,0.0003962952059602799,0.0003962952059602799,,,,"GCF_013009555.1 Bacteroides dorei strain=DSM 17855, ASM1300955v1",/mnt/HDD/kia/HMP_reference/gtdb-rs207.genomic-reps.dna.k31.zip,f906f0ea3324bc6db880a742f3f0b0ba,0.03466424682395644,70000,36,1525000,,SRS020261.tar.bz2,de2f035a,176636000
59000,0.0003340202450236645,0.025869759143621766,0.00032835888493851765,0.00032835888493851765,,,,"GCF_902810435.1 Veillonella parvula strain=SKV38, SKV38",/mnt/HDD/kia/HMP_reference/gtdb-rs207.genomic-reps.dna.k31.zip,92fffacc05525a8c6779bf5455282783,0.02631578947368421,58000,37,1467000,,SRS020261.tar.bz2,de2f035a,176636000
60000,0.00033968160510881135,0.023076923076923078,0.00032269752485337077,0.00032269752485337077,,,,"GCF_003054025.1 Capnocytophaga leadbetteri strain=DSM 22902, ASM305402v1",/mnt/HDD/kia/HMP_reference/gtdb-rs207.genomic-reps.dna.k31.zip,9d140b7093df5b32f942fccdc2690841,0.024291497975708502,57000,38,1410000,,SRS020261.tar.bz2,de2f035a,176636000
59000,0.0003340202450236645,0.012774540564769161,0.00032269752485337077,0.00032269752485337077,,,,"GCF_006716905.1 Acidovorax temperans strain=DSM 7270, ASM671690v1",/mnt/HDD/kia/HMP_reference/gtdb-rs207.genomic-reps.dna.k31.zip,f081aca79db81e3dc9be05538bf3e9de,0.013222770058269833,57000,39,1353000,,SRS020261.tar.bz2,de2f035a,176636000
66000,0.00037364976561969247,0.00873015873015873,0.00031137480468307707,0.00031137480468307707,,,,"GCF_000011065.1 Bacteroides thetaiotaomicron VPI-5482 strain=VPI-5482, ASM1106v1",/mnt/HDD/kia/HMP_reference/gtdb-rs207.genomic-reps.dna.k31.zip,df098e390010d8add7b59e4ff0574d30,0.010476190476190476,55000,40,1298000,,SRS020261.tar.bz2,de2f035a,176636000
58000,0.00032835888493851765,0.017922336541652838,0.0003057134445979302,0.0003057134445979302,,,,"GCF_001956585.1 Actinomyces naeslundii strain=NCTC 10301, ASM195658v1",/mnt/HDD/kia/HMP_reference/gtdb-rs207.genomic-reps.dna.k31.zip,9196730273108bdb75cdf35e1ddeada2,0.019249917026219716,54000,41,1244000,,SRS020261.tar.bz2,de2f035a,176636000
59000,0.0003340202450236645,0.016173329264571254,0.00030005208451278336,0.00030005208451278336,,,,"GCF_002209445.1 Capnocytophaga endodontalis strain=ChDC OS43, ASM220944v1",/mnt/HDD/kia/HMP_reference/gtdb-rs207.genomic-reps.dna.k31.zip,be92237c44376cfba2f524574eac0ff6,0.018004272200183094,53000,42,1191000,,SRS020261.tar.bz2,de2f035a,176636000
