intersect_bp,f_orig_query,f_match,f_unique_to_query,f_unique_weighted,average_abund,median_abund,std_abund,name,filename,md5,f_match_orig,unique_intersect_bp,gather_result_rank,remaining_bp,query_filename,query_name,query_md5,query_bp
1141000,0.03720247799152266,0.36302895322939865,0.03720247799152266,0.03720247799152266,,,,"GCF_006546825.1 Actinomyces oris strain=CCUG 34288, ASM654682v1",/mnt/HDD/kia/HMP_reference/gtdb-rs207.genomic-reps.dna.k31.zip,e8605a9ea870c376247ec0446d5ce47b,0.36302895322939865,1141000,0,7628000,,SRS064219.tar.bz2,36fe01b7,30670000
692000,0.022562764916856864,0.2813008130081301,0.022562764916856864,0.022562764916856864,,,,"GCF_000164695.2 Rothia dentocariosa ATCC 17931 strain=ATCC 17931, ASM16469v2",/mnt/HDD/kia/HMP_reference/gtdb-rs207.genomic-reps.dna.k31.zip,749b0a6cf814c3c640e32fe578204f06,0.2813008130081301,692000,1,6936000,,SRS064219.tar.bz2,36fe01b7,30670000
389000,0.012683403977828496,0.17689859026830376,0.012683403977828496,0.012683403977828496,,,,"GCF_000191405.1 Haemophilus parainfluenzae ATCC 33392 strain=ATCC 33392, ASM19140v1",/mnt/HDD/kia/HMP_reference/gtdb-rs207.genomic-reps.dna.k31.zip,fbfb9299b266913d2d2b6175ee509a88,0.17689859026830376,389000,2,6547000,,SRS064219.tar.bz2,36fe01b7,30670000
333000,0.010857515487447017,0.16331535066208927,0.010857515487447017,0.010857515487447017,,,,"GCF_002386345.1 Streptococcus oralis strain=FDAARGOS_367, ASM238634v1",/mnt/HDD/kia/HMP_reference/gtdb-rs207.genomic-reps.dna.k31.zip,574c99593e991dd13455614261fa499f,0.16331535066208927,333000,3,6214000,,SRS064219.tar.bz2,36fe01b7,30670000
868000,0.028301271600912944,0.10492792490781093,0.010205412455167916,0.010205412455167916,,,,"GCF_001553935.1 Actinomyces oris strain=T14V, ASM155393v1",/mnt/HDD/kia/HMP_reference/gtdb-rs207.genomic-reps.dna.k31.zip,b8fe439206f0708f15356748b7021bc7,0.29098223265169293,313000,4,5901000,,SRS064219.tar.bz2,36fe01b7,30670000
287000,0.009357678513205086,0.1280107047279215,0.009357678513205086,0.009357678513205086,,,,"GCF_902810435.1 Veillonella parvula strain=SKV38, SKV38",/mnt/HDD/kia/HMP_reference/gtdb-rs207.genomic-reps.dna.k31.zip,92fffacc05525a8c6779bf5455282783,0.1280107047279215,287000,5,5614000,,SRS064219.tar.bz2,36fe01b7,30670000
261000,0.008509944571242257,0.0926517571884984,0.008509944571242257,0.008509944571242257,,,,"GCF_011612265.2 Corynebacterium matruchotii strain=ATCC 14266, ASM1161226v2",/mnt/HDD/kia/HMP_reference/gtdb-rs207.genomic-reps.dna.k31.zip,db37b4d014ce2defcf45ffa5d152f30d,0.0926517571884984,261000,6,5353000,,SRS064219.tar.bz2,36fe01b7,30670000
238000,0.007760026084121291,0.10226283724978243,0.007662210629279426,0.007662210629279426,,,,"GCF_000466165.1 Actinobaculum sp. oral taxon 183 str. F0552 strain=F0552, ASM46616v1",/mnt/HDD/kia/HMP_reference/gtdb-rs207.genomic-reps.dna.k31.zip,aed3f0e767fa832623733db8d6812289,0.10356832027850305,235000,7,5118000,,SRS064219.tar.bz2,36fe01b7,30670000
206000,0.006716661232474731,0.04361634554308702,0.006716661232474731,0.006716661232474731,,,,"GCF_000156195.1 Bacteroides finegoldii DSM 17565 strain=DSM 17565, ASM15619v1",/mnt/HDD/kia/HMP_reference/gtdb-rs207.genomic-reps.dna.k31.zip,c6b25015f23efa66f969bb8db0161cd8,0.04361634554308702,206000,8,4912000,,SRS064219.tar.bz2,36fe01b7,30670000
209000,0.006814476687316596,0.07414104882459313,0.006684056080860776,0.006684056080860776,,,,"GCF_013410305.1 Corynebacterium durum strain=DSM 45333, ASM1341030v1",/mnt/HDD/kia/HMP_reference/gtdb-rs207.genomic-reps.dna.k31.zip,bb2dbb46a577f5244bb32a0d740b2c37,0.0755877034358047,205000,9,4707000,,SRS064219.tar.bz2,36fe01b7,30670000
204000,0.006651450929246821,0.05145929339477726,0.006553635474404956,0.006553635474404956,,,,"GCF_000312305.1 Prevotella conceptionensis 9403948 strain=9403948, ASM31230v1",/mnt/HDD/kia/HMP_reference/gtdb-rs207.genomic-reps.dna.k31.zip,79fd310c646893da4a3f0a8fc81b14da,0.05222734254992319,201000,10,4506000,,SRS064219.tar.bz2,36fe01b7,30670000
201000,0.006553635474404956,0.077431906614786,0.0064884251711770456,0.0064884251711770456,,,,"GCF_000220235.1 Prevotella nigrescens ATCC 33563 strain=ATCC 33563, ASM22023v1",/mnt/HDD/kia/HMP_reference/gtdb-rs207.genomic-reps.dna.k31.zip,8814fea6230158cc3d23dbea0337a6b7,0.07821011673151751,199000,11,4307000,,SRS064219.tar.bz2,36fe01b7,30670000
221000,0.007205738506684056,0.05592389737676564,0.006325399413107271,0.006325399413107271,,,,"GCF_000429225.1 Actinomyces dentalis DSM 19115 strain=DSM 19115, ASM42922v1",/mnt/HDD/kia/HMP_reference/gtdb-rs207.genomic-reps.dna.k31.zip,4e2a86f3a58b6056d541a4749fa9b1ca,0.0637071202075526,194000,12,4113000,,SRS064219.tar.bz2,36fe01b7,30670000
223000,0.007270948809911966,0.053786057692307696,0.005836322138897946,0.005836322138897946,,,,"GCF_000429265.1 Actinomyces gerencseriae DSM 6844 strain=DSM 6844, ASM42926v1",/mnt/HDD/kia/HMP_reference/gtdb-rs207.genomic-reps.dna.k31.zip,8102edb0079a0f4f6baf7d5cfab47595,0.06700721153846154,179000,13,3934000,,SRS064219.tar.bz2,36fe01b7,30670000
172000,0.005608086077600261,0.06823623304070231,0.005575480925986306,0.005575480925986306,,,,"GCF_000158275.2 Fusobacterium nucleatum subsp. animalis 7_1 strain=7_1, ASM15827v2",/mnt/HDD/kia/HMP_reference/gtdb-rs207.genomic-reps.dna.k31.zip,caec8a9ab55b83745d586cafa31a802f,0.06863527533918595,171000,14,3763000,,SRS064219.tar.bz2,36fe01b7,30670000
168000,0.005477665471144441,0.03628219484882419,0.005282034561460711,0.005282034561460711,,,,"GCF_000382445.1 Bacteroides massiliensis B84634 = Timone 84634 = DSM 17679 = JCM 13223 strain=DSM 17679, Bact_mass_DSM_17679_V1",/mnt/HDD/kia/HMP_reference/gtdb-rs207.genomic-reps.dna.k31.zip,a65db27ac6f6490cca7eeb016c93eea7,0.037625979843225084,162000,15,3601000,,SRS064219.tar.bz2,36fe01b7,30670000
169000,0.0055102706227583955,0.05327597617471873,0.005249429409846755,0.005249429409846755,,,,"GCF_900637655.1 Prevotella oris strain=NCTC13071, 52295_B01",/mnt/HDD/kia/HMP_reference/gtdb-rs207.genomic-reps.dna.k31.zip,8aa76d664a1292aed8b45fa12b5a7e4b,0.05592322964923892,161000,16,3440000,,SRS064219.tar.bz2,36fe01b7,30670000
161000,0.005249429409846755,0.06809253601047577,0.005086403651776981,0.005086403651776981,,,,"GCF_000194945.1 Streptococcus sanguinis SK1 = NCTC 7863 strain=SK1, ASM19494v1",/mnt/HDD/kia/HMP_reference/gtdb-rs207.genomic-reps.dna.k31.zip,ac10a7125d471ec1ee13fd557751a418,0.07027498908773461,156000,17,3284000,,SRS064219.tar.bz2,36fe01b7,30670000
135000,0.004401695467883926,0.06838905775075987,0.004401695467883926,0.004401695467883926,,,,"GCF_000160555.1 Selenomonas noxia ATCC 43541 strain=ATCC 43541, ASM16055v1",/mnt/HDD/kia/HMP_reference/gtdb-rs207.genomic-reps.dna.k31.zip,c4c1e25e1c5137c290362a154898ed80,0.06838905775075987,135000,18,3149000,,SRS064219.tar.bz2,36fe01b7,30670000
128000,0.00417345940658624,0.052675238490253004,0.004140854254972286,0.004140854254972286,,,,"GCF_014054985.1 Kingella oralis strain=DSM 18271, ASM1405498v1",/mnt/HDD/kia/HMP_reference/gtdb-rs207.genomic-reps.dna.k31.zip,f587e99e0fcea538372dc7e6f11b1293,0.05309000414765657,127000,19,3022000,,SRS064219.tar.bz2,36fe01b7,30670000
317000,0.010335833061623736,0.04115499502157318,0.004043038800130421,0.004043038800130421,,,,"GCF_001956585.1 Actinomyces naeslundii strain=NCTC 10301, ASM195658v1",/mnt/HDD/kia/HMP_reference/gtdb-rs207.genomic-reps.dna.k31.zip,9196730273108bdb75cdf35e1ddeada2,0.105210753401925,124000,20,2898000,,SRS064219.tar.bz2,36fe01b7,30670000
141000,0.004597326377567656,0.0244,0.0039778284969025106,0.0039778284969025106,,,,"GCF_000012825.1 Bacteroides vulgatus ATCC 8482 strain=ATCC 8482, ASM1282v1",/mnt/HDD/kia/HMP_reference/gtdb-rs207.genomic-reps.dna.k31.zip,960cc77fc7b96d595712107aaa1524b5,0.0282,122000,21,2776000,,SRS064219.tar.bz2,36fe01b7,30670000
279000,0.009096837300293446,0.05253194510175106,0.0036191718291490056,0.0036191718291490056,,,,"GCF_003252755.1 Haemophilus parainfluenzae strain=C2006002596, ASM325275v1",/mnt/HDD/kia/HMP_reference/gtdb-rs207.genomic-reps.dna.k31.zip,3e8fd94fed6765b59ed6454114bdcb94,0.1320397539044013,111000,22,2665000,,SRS064219.tar.bz2,36fe01b7,30670000
100000,0.0032605151613955006,0.04248088360237893,0.0032605151613955006,0.0032605151613955006,,,,"GCA_905373085.1 uncultured Selenomonas sp., SRR9217449-mag-bin.3",/mnt/HDD/kia/HMP_reference/gtdb-rs207.genomic-reps.dna.k31.zip,e89e4bb4a53e7329b6af838b4c951fc5,0.04248088360237893,100000,23,2565000,,SRS064219.tar.bz2,36fe01b7,30670000
264000,0.008607760026084122,0.05319148936170213,0.0032605151613955006,0.0032605151613955006,,,,"GCF_900637025.1 Streptococcus oralis ATCC 35037 strain=NCTC 11427, 46338_H01",/mnt/HDD/kia/HMP_reference/gtdb-rs207.genomic-reps.dna.k31.zip,61ac977e73f60206eef2c75fc0c0301d,0.14042553191489363,100000,24,2465000,,SRS064219.tar.bz2,36fe01b7,30670000
589000,0.019204434300619497,0.029301745635910224,0.0030648842517117703,0.0030648842517117703,,,,"GCF_001937445.1 Actinomyces oris strain=WE8B-23, ASM193744v1",/mnt/HDD/kia/HMP_reference/gtdb-rs207.genomic-reps.dna.k31.zip,b6e57108fd8f1c6224f3bcf4be4e8644,0.18360349127182046,94000,25,2371000,,SRS064219.tar.bz2,36fe01b7,30670000
86000,0.0028040430388001306,0.030604982206405694,0.0028040430388001306,0.0028040430388001306,,,,"GCF_902983995.1 Treponema socranskii subsp. buccale strain=Marseille-CSURQ0203, Q0203",/mnt/HDD/kia/HMP_reference/gtdb-rs207.genomic-reps.dna.k31.zip,14ed30d75f70f04b93d8442b7a63e6a1,0.030604982206405694,86000,26,2285000,,SRS064219.tar.bz2,36fe01b7,30670000
83000,0.0027062275839582653,0.03125,0.0026736224323443106,0.0026736224323443106,,,,"GCA_001067655.1 Neisseria lactamica strain=919_NLAC, ASM106765v1",/mnt/HDD/kia/HMP_reference/gtdb-rs207.genomic-reps.dna.k31.zip,310915e0d251b78084d9dc704dbabc48,0.03163109756097561,82000,27,2203000,,SRS064219.tar.bz2,36fe01b7,30670000
82000,0.0026736224323443106,0.10062111801242236,0.0026410172807303555,0.0026410172807303555,,,,"GCA_905371595.1 Candidatus Saccharibacteria bacterium, SRR9217384-mag-bin.1",/mnt/HDD/kia/HMP_reference/gtdb-rs207.genomic-reps.dna.k31.zip,49db844b22d0f79aeecc559aa7ca357c,0.10186335403726708,81000,28,2122000,,SRS064219.tar.bz2,36fe01b7,30670000
234000,0.007629605477665471,0.03790983606557377,0.0024127812194326705,0.0024127812194326705,,,,"GCF_003253005.1 Haemophilus parainfluenzae strain=C2008003258, ASM325300v1",/mnt/HDD/kia/HMP_reference/gtdb-rs207.genomic-reps.dna.k31.zip,f36333f9da6edb7f51a47e53ee965efa,0.11987704918032786,74000,29,2048000,,SRS064219.tar.bz2,36fe01b7,30670000
125000,0.0040756439517443755,0.03610832497492478,0.0023475709162047603,0.0023475709162047603,,,,"GCF_001076775.1 Streptococcus pseudopneumoniae strain=445_SPSE, ASM107677v1",/mnt/HDD/kia/HMP_reference/gtdb-rs207.genomic-reps.dna.k31.zip,be2b15afa734b933a2873b8c1dd19a5e,0.06268806419257773,72000,30,1976000,,SRS064219.tar.bz2,36fe01b7,30670000
98000,0.0031953048581675903,0.028018129377832716,0.0022171503097489402,0.0022171503097489402,,,,"GCF_001457555.1 Fusobacterium nucleatum subsp. polymorphum strain=NCTC10562, NCTC10562",/mnt/HDD/kia/HMP_reference/gtdb-rs207.genomic-reps.dna.k31.zip,1cfb9c2c8c5ece22c205b7cb1cb18cc6,0.0403790688092295,68000,31,1908000,,SRS064219.tar.bz2,36fe01b7,30670000
230000,0.007499184871209651,0.029676258992805755,0.0021519400065210304,0.0021519400065210304,,,,"GCF_000024945.1 Veillonella parvula DSM 2008 strain=DSM 2008, ASM2494v1",/mnt/HDD/kia/HMP_reference/gtdb-rs207.genomic-reps.dna.k31.zip,bb6c752a62c434e57bfc3292c79595c6,0.10341726618705036,66000,32,1842000,,SRS064219.tar.bz2,36fe01b7,30670000
518000,0.01688946853602869,0.020323912353127978,0.00208672970329312,0.00208672970329312,,,,"GCF_001929375.1 Actinomyces oris strain=S64C, ASM192937v1",/mnt/HDD/kia/HMP_reference/gtdb-rs207.genomic-reps.dna.k31.zip,1ea9b07680ae740a1e01fae6492b340d,0.16449666560812956,64000,33,1778000,,SRS064219.tar.bz2,36fe01b7,30670000
63000,0.0020541245516791655,0.024,0.0020541245516791655,0.0020541245516791655,,,,"GCF_000174755.1 Capnocytophaga gingivalis ATCC 33624 strain=ATCC 33624, ASM17475v1",/mnt/HDD/kia/HMP_reference/gtdb-rs207.genomic-reps.dna.k31.zip,d01e6cee5fb78e4c7276baf9e03ef249,0.024,63000,34,1715000,,SRS064219.tar.bz2,36fe01b7,30670000
70000,0.0022823606129768505,0.027097902097902096,0.0020215194000652104,0.0020215194000652104,,,,"GCF_900113545.1 Neisseria elongata subsp. elongata strain=ATCC 25295, IMG-taxon 2675903696 annotated assembly",/mnt/HDD/kia/HMP_reference/gtdb-rs207.genomic-reps.dna.k31.zip,bfb4a95044777e68d55596bf0fb19756,0.030594405594405596,62000,35,1653000,,SRS064219.tar.bz2,36fe01b7,30670000
61000,0.0019889142484512553,0.023014959723820484,0.0019563090968373,0.0019563090968373,,,,"GCF_000023285.1 Capnocytophaga ochracea DSM 7271 strain=DSM 7271, ASM2328v1",/mnt/HDD/kia/HMP_reference/gtdb-rs207.genomic-reps.dna.k31.zip,9992f43a0b92937efe6d6dd3bef10d33,0.02339854238588416,60000,36,1593000,,SRS064219.tar.bz2,36fe01b7,30670000
248000,0.008086077600260842,0.019339779926642216,0.0018910987936093904,0.0018910987936093904,,,,"GCF_900323545.1 Actinomyces sp. Marseille-P3109 strain=Marseille-P3109, PRJEB18270",/mnt/HDD/kia/HMP_reference/gtdb-rs207.genomic-reps.dna.k31.zip,8b694200dd8677bccd4acb9070a4d33f,0.08269423141047015,58000,37,1535000,,SRS064219.tar.bz2,36fe01b7,30670000
245000,0.007988262145418977,0.02995270625328429,0.0018584936419954352,0.0018584936419954352,,,,"GCF_001579025.1 Streptococcus oralis strain=DD27, ASM157902v1",/mnt/HDD/kia/HMP_reference/gtdb-rs207.genomic-reps.dna.k31.zip,68a49c2293088de1a6688cc5fb3613d6,0.12874408828166053,57000,38,1478000,,SRS064219.tar.bz2,36fe01b7,30670000
55000,0.0017932833387675252,0.026750972762645913,0.0017932833387675252,0.0017932833387675252,,,,"GCA_905372235.1 uncultured Treponema sp., SRR9217404-mag-bin.18",/mnt/HDD/kia/HMP_reference/gtdb-rs207.genomic-reps.dna.k31.zip,4995880288d35f1a697caa6719b36986,0.026750972762645913,55000,39,1423000,,SRS064219.tar.bz2,36fe01b7,30670000
61000,0.0019889142484512553,0.018802228412256268,0.0017606781871535703,0.0017606781871535703,,,,"GCF_000185145.2 Prevotella oralis ATCC 33269 strain=ATCC 33269, ASM18514v2",/mnt/HDD/kia/HMP_reference/gtdb-rs207.genomic-reps.dna.k31.zip,9125cc2de899e067f18aae916bb20e22,0.021239554317548745,54000,40,1369000,,SRS064219.tar.bz2,36fe01b7,30670000
61000,0.0019889142484512553,0.013582778062532035,0.0017280730355396152,0.0017280730355396152,,,,"GCF_000154525.1 Bacteroides stercoris ATCC 43183 strain=ATCC 43183, ASM15452v1",/mnt/HDD/kia/HMP_reference/gtdb-rs207.genomic-reps.dna.k31.zip,833996f334f6bb11e70a26b47c63a989,0.015633008713480268,53000,41,1316000,,SRS064219.tar.bz2,36fe01b7,30670000
