intersect_bp,f_orig_query,f_match,f_unique_to_query,f_unique_weighted,average_abund,median_abund,std_abund,name,filename,md5,f_match_orig,unique_intersect_bp,gather_result_rank,remaining_bp,query_filename,query_name,query_md5,query_bp
2148000,0.05047229663048076,0.8839506172839506,0.05047229663048076,0.05047229663048076,,,,"GCF_003030305.1 Cutibacterium acnes strain=ATCC 6919, ASM303030v1",/mnt/HDD/kia/HMP_reference/gtdb-rs207.genomic-reps.dna.k31.zip,ff021938b2e5aeb2c3d43194bd8f6fed,0.8839506172839506,2148000,0,10321000,,SRS019986.tar.bz2,b272c9c0,42558000
2145000,0.050401804596080645,0.8642224012892828,0.050401804596080645,0.050401804596080645,,,,"GCF_002902325.1 Staphylococcus capitis subsp. capitis strain=NCTC 11045, ASM290232v1",/mnt/HDD/kia/HMP_reference/gtdb-rs207.genomic-reps.dna.k31.zip,ee650d57ebdb152533f91818a75ffcf6,0.8642224012892828,2145000,1,8176000,,SRS019986.tar.bz2,b272c9c0,42558000
1928000,0.04530288077447248,0.8001693480101609,0.04440998167207105,0.04440998167207105,,,,"GCF_006742205.1 Staphylococcus epidermidis strain=NBRC 100911, ASM674220v1",/mnt/HDD/kia/HMP_reference/gtdb-rs207.genomic-reps.dna.k31.zip,573514f3d349904ef56eb74c28c247d7,0.8162574089754445,1890000,2,6286000,,SRS019986.tar.bz2,b272c9c0,42558000
1446000,0.033977160580854364,0.6007478188616535,0.033977160580854364,0.033977160580854364,,,,"GCF_000159115.1 Corynebacterium accolens ATCC 49725 strain=ATCC 49725, ASM15911v1",/mnt/HDD/kia/HMP_reference/gtdb-rs207.genomic-reps.dna.k31.zip,30fc14d53964d66f039fe9009573cee3,0.6007478188616535,1446000,3,4840000,,SRS019986.tar.bz2,b272c9c0,42558000
1172000,0.027538888105644064,0.4661776691116544,0.02688096245124301,0.02688096245124301,,,,"GCF_006094395.1 Staphylococcus haemolyticus strain=ATCC 29970, ASM609439v1",/mnt/HDD/kia/HMP_reference/gtdb-rs207.genomic-reps.dna.k31.zip,02baeab2d7c4c0fab803f944ddd1410a,0.47758761206193967,1144000,4,3696000,,SRS019986.tar.bz2,b272c9c0,42558000
1066000,0.025048169556840076,0.46776345042240997,0.02471920672963955,0.02471920672963955,,,,"GCF_000688415.1 Corynebacterium pseudodiphtheriticum DSM 44287 strain=DSM 44287, ASM68841v1",/mnt/HDD/kia/HMP_reference/gtdb-rs207.genomic-reps.dna.k31.zip,959fe9cdced42dc4a88ae7978625c47e,0.47398843930635837,1052000,5,2644000,,SRS019986.tar.bz2,b272c9c0,42558000
826000,0.019408806804831053,0.45484581497797355,0.019408806804831053,0.019408806804831053,,,,"GCF_000245815.1 Dolosigranulum pigrum ATCC 51524 strain=ATCC 51524, Dolo_pigr_ATCC_51524_V1",/mnt/HDD/kia/HMP_reference/gtdb-rs207.genomic-reps.dna.k31.zip,786730e4a7016d177710bc545c7918ca,0.45484581497797355,826000,6,1818000,,SRS019986.tar.bz2,b272c9c0,42558000
610000,0.014333380328022933,0.38789808917197455,0.014309882983222897,0.014309882983222897,,,,"GCA_003241315.1 Lawsonella clevelandensis, ASM324131v1",/mnt/HDD/kia/HMP_reference/gtdb-rs207.genomic-reps.dna.k31.zip,615e5c6c38f626bff2360eec57680c79,0.3885350318471338,609000,7,1209000,,SRS019986.tar.bz2,b272c9c0,42558000
874000,0.02053667935523286,0.17233009708737865,0.010009868884816015,0.010009868884816015,,,,"GCF_000478175.1 Corynebacterium sp. KPL1814 strain=KPL1814, Cory_sp_KPL1814_V1",/mnt/HDD/kia/HMP_reference/gtdb-rs207.genomic-reps.dna.k31.zip,4cde657a6de5dd95199d6e1d2ee0d378,0.3535598705501618,426000,8,783000,,SRS019986.tar.bz2,b272c9c0,42558000
256000,0.006015320268809624,0.1114070128717266,0.005897833544809436,0.005897833544809436,,,,"GCF_900186975.1 Cutibacterium granulosum strain=NCTC11865, 50569_F01",/mnt/HDD/kia/HMP_reference/gtdb-rs207.genomic-reps.dna.k31.zip,737acad50d16ca56da72f9d2a7ffd059,0.11362627607634265,251000,9,532000,,SRS019986.tar.bz2,b272c9c0,42558000
105000,0.0024672212040039478,0.058959537572254334,0.0023967291696038347,0.0023967291696038347,,,,"GCF_017874535.1 Anaerococcus nagyae strain=DSM 101193, ASM1787453v1",/mnt/HDD/kia/HMP_reference/gtdb-rs207.genomic-reps.dna.k31.zip,097b61e5c11b96a706fcb29cfbeca564,0.06069364161849711,102000,10,430000,,SRS019986.tar.bz2,b272c9c0,42558000
100000,0.0023497344800037594,0.045454545454545456,0.001973776963203158,0.001973776963203158,,,,"GCF_900445265.1 Anaerococcus octavius strain=NCTC9810, 51765_E01",/mnt/HDD/kia/HMP_reference/gtdb-rs207.genomic-reps.dna.k31.zip,241cbbfed00807dab6c63c4d320f3bbc,0.05411255411255411,84000,11,346000,,SRS019986.tar.bz2,b272c9c0,42558000
122000,0.0028666760656045867,0.02759980285855101,0.0013158513088021055,0.0013158513088021055,,,,"GCA_900766305.1 uncultured Gemella sp., SRS372688_6",/mnt/HDD/kia/HMP_reference/gtdb-rs207.genomic-reps.dna.k31.zip,d5fcb65f2e71bfe9f151d7e7e263a4e1,0.06012814194184327,56000,12,290000,,SRS019986.tar.bz2,b272c9c0,42558000
