intersect_bp,f_orig_query,f_match,f_unique_to_query,f_unique_weighted,average_abund,median_abund,std_abund,name,filename,md5,f_match_orig,unique_intersect_bp,gather_result_rank,remaining_bp,query_filename,query_name,query_md5,query_bp
2421000,0.01131361278564419,0.9962962962962963,0.01131361278564419,0.01131361278564419,,,,"GCF_003030305.1 Cutibacterium acnes strain=ATCC 6919, ASM303030v1",/mnt/HDD/kia/HMP_reference/gtdb-rs207.genomic-reps.dna.k31.zip,ff021938b2e5aeb2c3d43194bd8f6fed,0.9962962962962963,2421000,0,10115000,,SRS013261.tar.bz2,6b170851,213990000
2189000,0.010229449974297864,0.8819500402900886,0.010229449974297864,0.010229449974297864,,,,"GCF_002902325.1 Staphylococcus capitis subsp. capitis strain=NCTC 11045, ASM290232v1",/mnt/HDD/kia/HMP_reference/gtdb-rs207.genomic-reps.dna.k31.zip,ee650d57ebdb152533f91818a75ffcf6,0.8819500402900886,2189000,1,7926000,,SRS013261.tar.bz2,6b170851,213990000
1986000,0.00928080751436983,0.8247248094834886,0.009103229122856209,0.009103229122856209,,,,"GCF_006742205.1 Staphylococcus epidermidis strain=NBRC 100911, ASM674220v1",/mnt/HDD/kia/HMP_reference/gtdb-rs207.genomic-reps.dna.k31.zip,573514f3d349904ef56eb74c28c247d7,0.8408128704487722,1948000,2,5978000,,SRS013261.tar.bz2,6b170851,213990000
1498000,0.007000327118089631,0.954140127388535,0.007000327118089631,0.007000327118089631,,,,"GCA_003241315.1 Lawsonella clevelandensis, ASM324131v1",/mnt/HDD/kia/HMP_reference/gtdb-rs207.genomic-reps.dna.k31.zip,615e5c6c38f626bff2360eec57680c79,0.954140127388535,1498000,3,4480000,,SRS013261.tar.bz2,6b170851,213990000
1324000,0.006187205009579887,0.5845539280958721,0.006154493200616851,0.006154493200616851,,,,"GCF_900186975.1 Cutibacterium granulosum strain=NCTC11865, 50569_F01",/mnt/HDD/kia/HMP_reference/gtdb-rs207.genomic-reps.dna.k31.zip,737acad50d16ca56da72f9d2a7ffd059,0.5876608965823347,1317000,4,3163000,,SRS013261.tar.bz2,6b170851,213990000
731000,0.0034160474788541523,0.23248945147679326,0.002574886676947521,0.002574886676947521,,,,"GCF_001642025.1 [Propionibacterium] namnetense strain=NTS 31307302, ASM164202v1",/mnt/HDD/kia/HMP_reference/gtdb-rs207.genomic-reps.dna.k31.zip,ddeb72b30b6fb2c315bf4b2a7aa36fd8,0.30843881856540084,551000,5,2612000,,SRS013261.tar.bz2,6b170851,213990000
406000,0.001897284919856068,0.0625385089340727,0.001897284919856068,0.001897284919856068,,,,"GCF_001314995.1 Bacteroides ovatus strain=ATCC 8483, ASM131499v1",/mnt/HDD/kia/HMP_reference/gtdb-rs207.genomic-reps.dna.k31.zip,514bdd6aa640f40cc6414be0e11ec2f6,0.0625385089340727,406000,6,2206000,,SRS013261.tar.bz2,6b170851,213990000
220000,0.0010280854245525491,0.12716763005780346,0.0010280854245525491,0.0010280854245525491,,,,"GCF_017874535.1 Anaerococcus nagyae strain=DSM 101193, ASM1787453v1",/mnt/HDD/kia/HMP_reference/gtdb-rs207.genomic-reps.dna.k31.zip,097b61e5c11b96a706fcb29cfbeca564,0.12716763005780346,220000,7,1986000,,SRS013261.tar.bz2,6b170851,213990000
209000,0.0009766811533249216,0.08329947175944738,0.00095798869106033,0.00095798869106033,,,,"GCF_000023205.1 Micrococcus luteus NCTC 2665 strain=NCTC 2665 (Fleming 2665), ASM2320v1",/mnt/HDD/kia/HMP_reference/gtdb-rs207.genomic-reps.dna.k31.zip,8e9806f138b3d912b372c67c874dbc4d,0.08492482730597319,205000,8,1781000,,SRS013261.tar.bz2,6b170851,213990000
188000,0.0008785457264358147,0.03828140908165343,0.0008785457264358147,0.0008785457264358147,,,,"GCF_003697165.2 Escherichia coli DSM 30083 = JCM 1649 = ATCC 11775 strain=ATCC 11775, ASM369716v2",/mnt/HDD/kia/HMP_reference/gtdb-rs207.genomic-reps.dna.k31.zip,60bfe150353edefcbd7db7314951359d,0.03828140908165343,188000,9,1593000,,SRS013261.tar.bz2,6b170851,213990000
159000,0.0007430253750175242,0.028493647912885663,0.0007336791438852283,0.0007336791438852283,,,,"GCF_013009555.1 Bacteroides dorei strain=DSM 17855, ASM1300955v1",/mnt/HDD/kia/HMP_reference/gtdb-rs207.genomic-reps.dna.k31.zip,f906f0ea3324bc6db880a742f3f0b0ba,0.02885662431941924,157000,10,1436000,,SRS013261.tar.bz2,6b170851,213990000
130000,0.0006075050235992336,0.04574243490499648,0.0006075050235992336,0.0006075050235992336,,,,"GCA_014647715.1 Streptomyces cinereus strain=JCM 3040, ASM1464771v1",/mnt/HDD/kia/HMP_reference/gtdb-rs207.genomic-reps.dna.k31.zip,06c9e4c23ca4687a113a2bd507f14c99,0.04574243490499648,130000,11,1306000,,SRS013261.tar.bz2,6b170851,213990000
221000,0.001032758540118697,0.04498665650019062,0.0005514276368054583,0.0005514276368054583,,,,"GCF_008326345.1 Cutibacterium sp. M12 strain=M12, ASM832634v1",/mnt/HDD/kia/HMP_reference/gtdb-rs207.genomic-reps.dna.k31.zip,9a7d83510c12b8ec999fdb0e9d4cad82,0.08425467022493328,118000,12,1188000,,SRS013261.tar.bz2,6b170851,213990000
111000,0.0005187158278424225,0.03281622911694511,0.0005140427122762746,0.0005140427122762746,,,,"GCF_006757745.1 Acinetobacter radioresistens DSM 6976 = NBRC 102413 = CIP 103788 strain=NBRC 102413, ASM675774v1",/mnt/HDD/kia/HMP_reference/gtdb-rs207.genomic-reps.dna.k31.zip,2e4e742104683cf88a35307e22699f8f,0.0331145584725537,110000,13,1078000,,SRS013261.tar.bz2,6b170851,213990000
104000,0.0004860040188793869,0.02637075718015666,0.000471984672180943,0.000471984672180943,,,,"GCF_003994255.1 Brachybacterium paraconglomeratum strain=KCTC 9916, ASM399425v1",/mnt/HDD/kia/HMP_reference/gtdb-rs207.genomic-reps.dna.k31.zip,a8005d45cffa7bedaf0ddf9d30ae3505,0.027154046997389034,101000,14,977000,,SRS013261.tar.bz2,6b170851,213990000
118000,0.0005514276368054583,0.036376864314296105,0.0004673115566147951,0.0004673115566147951,,,,"GCF_001027105.1 Staphylococcus aureus subsp. aureus DSM 20231 strain=DSM 20231, ASM102710v1",/mnt/HDD/kia/HMP_reference/gtdb-rs207.genomic-reps.dna.k31.zip,185d23ed7456f793b36f5c5f7f0a4c80,0.04292469989086941,100000,15,877000,,SRS013261.tar.bz2,6b170851,213990000
80000,0.00037384924529183604,0.021251819505094614,0.0003411374363288004,0.0003411374363288004,,,,"GCF_011058205.1 Acinetobacter sp. GC2 strain=GC2, ASM1105820v1",/mnt/HDD/kia/HMP_reference/gtdb-rs207.genomic-reps.dna.k31.zip,68704c19a5f2d0df1203ebc8af113c71,0.023289665211062592,73000,16,804000,,SRS013261.tar.bz2,6b170851,213990000
74000,0.00034581055189494836,0.02260458839406208,0.0003130987429319127,0.0003130987429319127,,,,"GCF_016907795.1 Kocuria palustris strain=TAGA27, ASM1690779v1",/mnt/HDD/kia/HMP_reference/gtdb-rs207.genomic-reps.dna.k31.zip,7bc2570943b8320698b9227ecef1a306,0.02496626180836707,67000,17,737000,,SRS013261.tar.bz2,6b170851,213990000
65000,0.0003037525117996168,0.011337868480725623,0.0003037525117996168,0.0003037525117996168,,,,"GCF_008801405.1 Ralstonia insidiosa strain=CCUG 46789, ASM880140v1",/mnt/HDD/kia/HMP_reference/gtdb-rs207.genomic-reps.dna.k31.zip,9024a02fb1251730bd4fe89c957f39a7,0.011337868480725623,65000,18,672000,,SRS013261.tar.bz2,6b170851,213990000
122000,0.00057012009907005,0.024271844660194174,0.00028038693396887705,0.00028038693396887705,,,,"GCF_000227295.1 Cutibacterium avidum ATCC 25577 strain=ATCC 25577, ASM22729v1",/mnt/HDD/kia/HMP_reference/gtdb-rs207.genomic-reps.dna.k31.zip,639e64517aa790c6b3ed1747dd35d801,0.049352750809061485,60000,19,612000,,SRS013261.tar.bz2,6b170851,213990000
56000,0.00026169447170428526,0.021440129449838186,0.0002476751250058414,0.0002476751250058414,,,,"GCF_000478175.1 Corynebacterium sp. KPL1814 strain=KPL1814, Cory_sp_KPL1814_V1",/mnt/HDD/kia/HMP_reference/gtdb-rs207.genomic-reps.dna.k31.zip,4cde657a6de5dd95199d6e1d2ee0d378,0.022653721682847898,53000,20,559000,,SRS013261.tar.bz2,6b170851,213990000
117000,0.0005467545212393103,0.02055060100814269,0.0002476751250058414,0.0002476751250058414,,,,"GCF_001553955.1 Moraxella osloensis strain=CCUG 350, ASM155395v1",/mnt/HDD/kia/HMP_reference/gtdb-rs207.genomic-reps.dna.k31.zip,d10b7ca2521fa6bfdeadbf2fd33e016d,0.045366421093447074,53000,21,506000,,SRS013261.tar.bz2,6b170851,213990000
210000,0.0009813542688910696,0.007734642272794883,0.00024300200943969344,0.00024300200943969344,,,,"GCF_014334015.1 Bacteroides sp. M10 strain=M10, ASM1433401v1",/mnt/HDD/kia/HMP_reference/gtdb-rs207.genomic-reps.dna.k31.zip,32a90d9faa0865b9d4716569d60e47de,0.031236055332440876,52000,22,454000,,SRS013261.tar.bz2,6b170851,213990000
51000,0.0002383288938735455,0.02455464612421762,0.0002383288938735455,0.0002383288938735455,,,,"GCA_905221375.1 bacterium, B1015H24C3",/mnt/HDD/kia/HMP_reference/gtdb-rs207.genomic-reps.dna.k31.zip,2c9039b96cc833ace8b6488429a7ac27,0.02455464612421762,51000,23,403000,,SRS013261.tar.bz2,6b170851,213990000
