intersect_bp,f_orig_query,f_match,f_unique_to_query,f_unique_weighted,average_abund,median_abund,std_abund,name,filename,md5,f_match_orig,unique_intersect_bp,gather_result_rank,remaining_bp,query_filename,query_name,query_md5,query_bp
2325000,0.007141935602779365,0.9567901234567902,0.007141935602779365,0.007141935602779365,,,,"GCF_003030305.1 Cutibacterium acnes strain=ATCC 6919, ASM303030v1",/mnt/HDD/kia/HMP_reference/gtdb-rs207.genomic-reps.dna.k31.zip,ff021938b2e5aeb2c3d43194bd8f6fed,0.9567901234567902,2325000,0,16019000,,SRS018978.tar.bz2,2c8a7ea0,325542000
2221000,0.006822468375816331,0.9403048264182896,0.006822468375816331,0.006822468375816331,,,,"GCF_006742205.1 Staphylococcus epidermidis strain=NBRC 100911, ASM674220v1",/mnt/HDD/kia/HMP_reference/gtdb-rs207.genomic-reps.dna.k31.zip,573514f3d349904ef56eb74c28c247d7,0.9403048264182896,2221000,1,13798000,,SRS018978.tar.bz2,2c8a7ea0,325542000
1502000,0.004613843989408433,0.956687898089172,0.004613843989408433,0.004613843989408433,,,,"GCA_003241315.1 Lawsonella clevelandensis, ASM324131v1",/mnt/HDD/kia/HMP_reference/gtdb-rs207.genomic-reps.dna.k31.zip,615e5c6c38f626bff2360eec57680c79,0.956687898089172,1502000,2,12296000,,SRS018978.tar.bz2,2c8a7ea0,325542000
1199000,0.0036830885108526702,0.6587912087912088,0.0036830885108526702,0.0036830885108526702,,,,"GCF_000148585.2 Streptococcus mitis NCTC 12261 strain=NCTC 12261, ASM14858v3",/mnt/HDD/kia/HMP_reference/gtdb-rs207.genomic-reps.dna.k31.zip,132bcfa0362d0f418241e6dc4c1f77c0,0.6587912087912088,1199000,3,11097000,,SRS018978.tar.bz2,2c8a7ea0,325542000
854000,0.0026233174214079905,0.15499092558983665,0.0026233174214079905,0.0026233174214079905,,,,"GCF_013009555.1 Bacteroides dorei strain=DSM 17855, ASM1300955v1",/mnt/HDD/kia/HMP_reference/gtdb-rs207.genomic-reps.dna.k31.zip,f906f0ea3324bc6db880a742f3f0b0ba,0.15499092558983665,854000,4,10243000,,SRS018978.tar.bz2,2c8a7ea0,325542000
684000,0.0021011113773338,0.4299182903834067,0.0021011113773338,0.0021011113773338,,,,"GCF_001436455.1 Lactobacillus jensenii DSM 20557 strain=DSM 20557, ASM143645v1",/mnt/HDD/kia/HMP_reference/gtdb-rs207.genomic-reps.dna.k31.zip,02ae1dee237653b18076f43ca5e8d71b,0.4299182903834067,684000,5,9559000,,SRS018978.tar.bz2,2c8a7ea0,325542000
680000,0.0020888241762967606,0.3248803827751196,0.0020857523760375004,0.0020857523760375004,,,,"GCF_006384255.1 Haemophilus sp. SZY H1 strain=SZY H1, ASM638425v1",/mnt/HDD/kia/HMP_reference/gtdb-rs207.genomic-reps.dna.k31.zip,0dbba7d5e17d7222421400a0f13ae34c,0.3253588516746411,679000,6,8880000,,SRS018978.tar.bz2,2c8a7ea0,325542000
927000,0.002847558840333966,0.297055730809674,0.0017355671464818671,0.0017355671464818671,,,,"GCF_006385165.1 Streptococcus sp. C17 strain=C17, ASM638516v1",/mnt/HDD/kia/HMP_reference/gtdb-rs207.genomic-reps.dna.k31.zip,96b00b16927d231a8641b3e5c6fca869,0.48738170347003157,565000,7,8315000,,SRS018978.tar.bz2,2c8a7ea0,325542000
518000,0.0015911925342966498,0.21931986200098572,0.001366951115370674,0.001366951115370674,,,,"GCA_900766305.1 uncultured Gemella sp., SRS372688_6",/mnt/HDD/kia/HMP_reference/gtdb-rs207.genomic-reps.dna.k31.zip,d5fcb65f2e71bfe9f151d7e7e263a4e1,0.25529817644159686,445000,8,7870000,,SRS018978.tar.bz2,2c8a7ea0,325542000
1005000,0.0030871592605562414,0.2068466730954677,0.001317802311222515,0.001317802311222515,,,,"GCF_002096755.1 Streptococcus mitis strain=RH_50275_09, ASM209675v1",/mnt/HDD/kia/HMP_reference/gtdb-rs207.genomic-reps.dna.k31.zip,b1a0b7cad189923faf01ee4fa5d930aa,0.4845708775313404,429000,9,7441000,,SRS018978.tar.bz2,2c8a7ea0,325542000
422000,0.0012962997094076955,0.15471394037066882,0.0011795712995558178,0.0011795712995558178,,,,"GCF_002902325.1 Staphylococcus capitis subsp. capitis strain=NCTC 11045, ASM290232v1",/mnt/HDD/kia/HMP_reference/gtdb-rs207.genomic-reps.dna.k31.zip,ee650d57ebdb152533f91818a75ffcf6,0.17002417405318293,384000,10,7057000,,SRS018978.tar.bz2,2c8a7ea0,325542000
332000,0.0010198376860743007,0.2517162471395881,0.0010136940855557809,0.0010136940855557809,,,,"GCF_000160875.1 Lactobacillus iners DSM 13335 strain=DSM 13335, ASM16087v1",/mnt/HDD/kia/HMP_reference/gtdb-rs207.genomic-reps.dna.k31.zip,a3c06acfd6e434dfc80d4cff3cf45af5,0.2532418001525553,330000,11,6727000,,SRS018978.tar.bz2,2c8a7ea0,325542000
335000,0.0010290530868520805,0.05083179297597042,0.0010136940855557809,0.0010136940855557809,,,,"GCF_001314995.1 Bacteroides ovatus strain=ATCC 8483, ASM131499v1",/mnt/HDD/kia/HMP_reference/gtdb-rs207.genomic-reps.dna.k31.zip,514bdd6aa640f40cc6414be0e11ec2f6,0.05160197165742452,330000,12,6397000,,SRS018978.tar.bz2,2c8a7ea0,325542000
465000,0.001428387120555873,0.13037974683544304,0.000949186280111322,0.000949186280111322,,,,"GCF_001642025.1 [Propionibacterium] namnetense strain=NTS 31307302, ASM164202v1",/mnt/HDD/kia/HMP_reference/gtdb-rs207.genomic-reps.dna.k31.zip,ddeb72b30b6fb2c315bf4b2a7aa36fd8,0.1962025316455696,309000,13,6088000,,SRS018978.tar.bz2,2c8a7ea0,325542000
1029000,0.0031608824667784803,0.14142427281845538,0.0008662476731113036,0.0008662476731113036,,,,"GCF_001076775.1 Streptococcus pseudopneumoniae strain=445_SPSE, ASM107677v1",/mnt/HDD/kia/HMP_reference/gtdb-rs207.genomic-reps.dna.k31.zip,be2b15afa734b933a2873b8c1dd19a5e,0.5160481444332999,282000,14,5806000,,SRS018978.tar.bz2,2c8a7ea0,325542000
255000,0.0007833090661112852,0.053203040173724216,0.0007525910635186858,0.0007525910635186858,,,,"GCF_000154205.1 Bacteroides uniformis ATCC 8492 strain=ATCC 8492, ASM15420v1",/mnt/HDD/kia/HMP_reference/gtdb-rs207.genomic-reps.dna.k31.zip,2e2ee99950af50be6093dcb7d1a24282,0.05537459283387622,245000,15,5561000,,SRS018978.tar.bz2,2c8a7ea0,325542000
348000,0.0010689864902224597,0.1059322033898305,0.000691155058333487,0.000691155058333487,,,,"GCA_002871655.1 Streptococcus sp. UMB1385 strain=UMB1385, ASM287165v1",/mnt/HDD/kia/HMP_reference/gtdb-rs207.genomic-reps.dna.k31.zip,886ed5d8e4351ce23bc7af9c075422a7,0.1638418079096045,225000,16,5336000,,SRS018978.tar.bz2,2c8a7ea0,325542000
962000,0.002955071849408064,0.1221248630887185,0.000685011457814967,0.000685011457814967,,,,"GCF_001810785.1 Streptococcus sp. HMSC073F11 strain=HMSC073F11, ASM181078v1",/mnt/HDD/kia/HMP_reference/gtdb-rs207.genomic-reps.dna.k31.zip,2e6f6e4753ccc53712164a2bdf5e0d8e,0.5268346111719606,223000,17,5113000,,SRS018978.tar.bz2,2c8a7ea0,325542000
252000,0.0007740936653335053,0.08748430305567183,0.0006420062541853278,0.0006420062541853278,,,,"GCF_900458815.1 Staphylococcus saccharolyticus strain=NCTC11807, 49699_H02",/mnt/HDD/kia/HMP_reference/gtdb-rs207.genomic-reps.dna.k31.zip,cbe91525a64613ad31f55ec533254ccf,0.10548346588530766,209000,18,4904000,,SRS018978.tar.bz2,2c8a7ea0,325542000
977000,0.0030011488532969634,0.10187110187110188,0.0006020728508149486,0.0006020728508149486,,,,"GCF_001650315.1 Streptococcus sp. CCUG 49591 strain=CCUG 49591, ASM165031v1",/mnt/HDD/kia/HMP_reference/gtdb-rs207.genomic-reps.dna.k31.zip,8d77232a4762effa71f5aee6d5c0139e,0.5077962577962578,196000,19,4708000,,SRS018978.tar.bz2,2c8a7ea0,325542000
417000,0.0012809407081113959,0.09877854487519915,0.0005713548482223492,0.0005713548482223492,,,,"GCF_000173915.1 Gemella haemolysans ATCC 10379 strain=ATCC 10379, ASM17391v1",/mnt/HDD/kia/HMP_reference/gtdb-rs207.genomic-reps.dna.k31.zip,c3e64ce61bf79075c58ede77f0c31108,0.2214551248008497,186000,20,4522000,,SRS018978.tar.bz2,2c8a7ea0,325542000
423000,0.0012993715096669555,0.09390721073225265,0.0005160624435556702,0.0005160624435556702,,,,"GCF_001679045.1 Haemophilus haemolyticus strain=CCUG 12834, ASM167904v1",/mnt/HDD/kia/HMP_reference/gtdb-rs207.genomic-reps.dna.k31.zip,1bdcf62c7ea360d6b845bdf21458ee1b,0.2364449413079933,168000,21,4354000,,SRS018978.tar.bz2,2c8a7ea0,325542000
302000,0.0009276836782965024,0.028521739130434782,0.0005037752425186304,0.0005037752425186304,,,,"GCF_000210075.1 Bacteroides xylanisolvens XB1A strain=XB1A, ASM21007v1",/mnt/HDD/kia/HMP_reference/gtdb-rs207.genomic-reps.dna.k31.zip,c08f8e47dd318b08d89c36c36e6da9e1,0.052521739130434786,164000,22,4190000,,SRS018978.tar.bz2,2c8a7ea0,325542000
160000,0.0004914880414815907,0.028925619834710745,0.00045155463811121145,0.00045155463811121145,,,,"GCF_000025985.1 Bacteroides fragilis NCTC 9343, ASM2598v1",/mnt/HDD/kia/HMP_reference/gtdb-rs207.genomic-reps.dna.k31.zip,dec6823a28f0aea55b13c3be158528c4,0.03148366784730421,147000,23,4043000,,SRS018978.tar.bz2,2c8a7ea0,325542000
925000,0.002841415239815446,0.07362581946545638,0.0004484828378519515,0.0004484828378519515,,,,"GCF_002096925.1 Streptococcus mitis strain=B_009152_10, ASM209692v1",/mnt/HDD/kia/HMP_reference/gtdb-rs207.genomic-reps.dna.k31.zip,3f68cf21358ce5d92ef1e7c4e1f2b962,0.4664649520927887,146000,24,3897000,,SRS018978.tar.bz2,2c8a7ea0,325542000
147000,0.00045155463811121145,0.07306190741773563,0.00040240583396305236,0.00040240583396305236,,,,"GCF_000162475.2 Granulicatella elegans ATCC 700633 strain=ATCC 700633, Gran_ele_ATCC_700633_V2",/mnt/HDD/kia/HMP_reference/gtdb-rs207.genomic-reps.dna.k31.zip,b758561efe8ba0e5212d2a4573dfb45a,0.08198549916341327,131000,25,3766000,,SRS018978.tar.bz2,2c8a7ea0,325542000
657000,0.002018172770333782,0.06833956219967965,0.00039319043318527256,0.00039319043318527256,,,,"GCA_905221205.1 bacterium, S1093G24C2",/mnt/HDD/kia/HMP_reference/gtdb-rs207.genomic-reps.dna.k31.zip,f69be3bc7019d768c0d9a653c82d100e,0.35077415910304327,128000,26,3638000,,SRS018978.tar.bz2,2c8a7ea0,325542000
155000,0.000476129040185291,0.04591836734693878,0.00038704683266675265,0.00038704683266675265,,,,"GCF_000430525.1 Prevotella corporis DSM 18810 = JCM 8529 strain=DSM 18810, ASM43052v1",/mnt/HDD/kia/HMP_reference/gtdb-rs207.genomic-reps.dna.k31.zip,6c8da0c663d38642490b412fa90c7d56,0.0564868804664723,126000,27,3512000,,SRS018978.tar.bz2,2c8a7ea0,325542000
903000,0.0027738356341117276,0.058560794044665014,0.00036247243059267314,0.00036247243059267314,,,,"GCF_003942765.1 Streptococcus mitis strain=KLC01, ASM394276v1",/mnt/HDD/kia/HMP_reference/gtdb-rs207.genomic-reps.dna.k31.zip,b715516d33d250377659058f53fd99b0,0.4481389578163772,118000,28,3394000,,SRS018978.tar.bz2,2c8a7ea0,325542000
408000,0.0012532945057780562,0.05153203342618384,0.0003409698287778535,0.0003409698287778535,,,,"GCA_001752465.1 Haemophilus quentini strain=K068, ASM175246v1",/mnt/HDD/kia/HMP_reference/gtdb-rs207.genomic-reps.dna.k31.zip,f1a382d510663e75d77eb0a1d8344c3d,0.1894150417827298,111000,29,3283000,,SRS018978.tar.bz2,2c8a7ea0,325542000
119000,0.0003655442308519331,0.04218266253869969,0.00033482622825933367,0.00033482622825933367,,,,"GCF_000154465.1 Alistipes putredinis DSM 17216 strain=DSM 17216, ASM15446v1",/mnt/HDD/kia/HMP_reference/gtdb-rs207.genomic-reps.dna.k31.zip,db9feafdd9d3e3f2fb5caf52a730ce6a,0.046052631578947366,109000,30,3174000,,SRS018978.tar.bz2,2c8a7ea0,325542000
878000,0.002697040627630229,0.05223880597014925,0.0003225390272222939,0.0003225390272222939,,,,"GCF_000220045.1 Streptococcus mitis SK1073 strain=SK1073, ASM22004v2",/mnt/HDD/kia/HMP_reference/gtdb-rs207.genomic-reps.dna.k31.zip,5f8aee1c5416123fa5da3a4761f8dfac,0.4368159203980099,105000,31,3069000,,SRS018978.tar.bz2,2c8a7ea0,325542000
267000,0.0008201706692224044,0.04824120603015075,0.00029489282488895445,0.00029489282488895445,,,,"GCF_012273215.1 Gemella haemolysans strain=FDAARGOS_740, ASM1227321v1",/mnt/HDD/kia/HMP_reference/gtdb-rs207.genomic-reps.dna.k31.zip,926d704c08a164bfeecea965edb44af7,0.13417085427135678,96000,32,2973000,,SRS018978.tar.bz2,2c8a7ea0,325542000
393000,0.0012072175018891572,0.04876741693461951,0.00027953382359265474,0.00027953382359265474,,,,"GCF_001553035.1 Gemella haemolysans strain=DNF01167, ASM155303v1",/mnt/HDD/kia/HMP_reference/gtdb-rs207.genomic-reps.dna.k31.zip,2d548a6a65fcf6367862b443bb8c448d,0.21061093247588425,91000,33,2882000,,SRS018978.tar.bz2,2c8a7ea0,325542000
875000,0.002687825226852449,0.046645702306079666,0.00027339022307413483,0.00027339022307413483,,,,"GCF_905187535.1 Streptococcus mitis, MSCx",/mnt/HDD/kia/HMP_reference/gtdb-rs207.genomic-reps.dna.k31.zip,4b1505b48926eec1ae9a2c91f2adeaab,0.4585953878406709,89000,34,2793000,,SRS018978.tar.bz2,2c8a7ea0,325542000
90000,0.0002764620233333948,0.020355638745905475,0.0002672466225556149,0.0002672466225556149,,,,"GCF_000190535.1 Odoribacter splanchnicus DSM 20712 strain=DSM 220712, ASM19053v1",/mnt/HDD/kia/HMP_reference/gtdb-rs207.genomic-reps.dna.k31.zip,b37a0141517537faad74a6d2ac4d5c41,0.02105755732335049,87000,35,2706000,,SRS018978.tar.bz2,2c8a7ea0,325542000
103000,0.000316395426703774,0.012380952380952381,0.00023960042022227546,0.00023960042022227546,,,,"GCF_000011065.1 Bacteroides thetaiotaomicron VPI-5482 strain=VPI-5482, ASM1106v1",/mnt/HDD/kia/HMP_reference/gtdb-rs207.genomic-reps.dna.k31.zip,df098e390010d8add7b59e4ff0574d30,0.01634920634920635,78000,36,2628000,,SRS018978.tar.bz2,2c8a7ea0,325542000
841000,0.002583384018037611,0.04229934924078091,0.00023960042022227546,0.00023960042022227546,,,,"GCF_002096835.1 Streptococcus mitis strain=RH_43861_09, ASM209683v1",/mnt/HDD/kia/HMP_reference/gtdb-rs207.genomic-reps.dna.k31.zip,6dc1216e25346e32009c890377b62aa4,0.45607375271149675,78000,37,2550000,,SRS018978.tar.bz2,2c8a7ea0,325542000
81000,0.0002488158210000553,0.015794871794871795,0.00023652861996301553,0.00023652861996301553,,,,"GCF_000012845.1 Parabacteroides distasonis ATCC 8503 strain=ATCC 8503, ASM1284v1",/mnt/HDD/kia/HMP_reference/gtdb-rs207.genomic-reps.dna.k31.zip,5feebdfe795727335c87e462e7a7cc14,0.016615384615384615,77000,38,2473000,,SRS018978.tar.bz2,2c8a7ea0,325542000
84000,0.0002580312217778351,0.03544423440453686,0.00023038501944449565,0.00023038501944449565,,,,"GCA_018376445.1 Corynebacteriales bacterium, ASM1837644v1",/mnt/HDD/kia/HMP_reference/gtdb-rs207.genomic-reps.dna.k31.zip,6c8b1f14a29f4273034e0af0b66104c7,0.03969754253308128,75000,39,2398000,,SRS018978.tar.bz2,2c8a7ea0,325542000
909000,0.0027922664356672872,0.03200371057513915,0.000211954217888936,0.000211954217888936,,,,"GCF_001579665.1 Streptococcus mitis strain=DD22, ASM157966v1",/mnt/HDD/kia/HMP_reference/gtdb-rs207.genomic-reps.dna.k31.zip,64132e9fd0939d0ead7aba2902c92beb,0.42161410018552875,69000,40,2329000,,SRS018978.tar.bz2,2c8a7ea0,325542000
648000,0.0019905265680004425,0.034060670569451834,0.00019659521659263628,0.00019659521659263628,,,,"GCA_905221145.1 bacterium, S1088M24C1",/mnt/HDD/kia/HMP_reference/gtdb-rs207.genomic-reps.dna.k31.zip,82e3940b9ce9f9ec4d7a69f55652594d,0.34486428951569986,64000,41,2265000,,SRS018978.tar.bz2,2c8a7ea0,325542000
950000,0.0029182102462969447,0.0321701199563795,0.00018123621529633657,0.00018123621529633657,,,,"GCF_001281025.1 Streptococcus mitis strain=KCOM 1350 (= ChDC B183), ASM128102v1",/mnt/HDD/kia/HMP_reference/gtdb-rs207.genomic-reps.dna.k31.zip,90519172305fb56d5321ded6c88f9238,0.5179934569247546,59000,42,2206000,,SRS018978.tar.bz2,2c8a7ea0,325542000
349000,0.0010720582904817197,0.028812717337307503,0.00017816441503707662,0.00017816441503707662,,,,"GCF_001276515.1 Haemophilus sp. C1 strain=C1, ASM127651v1",/mnt/HDD/kia/HMP_reference/gtdb-rs207.genomic-reps.dna.k31.zip,7b745ce6438914a70b78f0abfaece213,0.17337307501241928,58000,43,2148000,,SRS018978.tar.bz2,2c8a7ea0,325542000
57000,0.0001750926147778167,0.011606597434331093,0.0001750926147778167,0.0001750926147778167,,,,"GCF_003697165.2 Escherichia coli DSM 30083 = JCM 1649 = ATCC 11775 strain=ATCC 11775, ASM369716v2",/mnt/HDD/kia/HMP_reference/gtdb-rs207.genomic-reps.dna.k31.zip,60bfe150353edefcbd7db7314951359d,0.011606597434331093,57000,44,2091000,,SRS018978.tar.bz2,2c8a7ea0,325542000
933000,0.0028659896418895257,0.028211586901763223,0.00017202081451855674,0.00017202081451855674,,,,"GCF_002096815.1 Streptococcus mitis strain=RH_12363_08, ASM209681v1",/mnt/HDD/kia/HMP_reference/gtdb-rs207.genomic-reps.dna.k31.zip,9c574e1a1c4f2ba99bf1d84952ca9e5c,0.47002518891687656,56000,45,2035000,,SRS018978.tar.bz2,2c8a7ea0,325542000
390000,0.0011980021011113774,0.0102,0.00015666181322225703,0.00015666181322225703,,,,"GCF_000012825.1 Bacteroides vulgatus ATCC 8482 strain=ATCC 8482, ASM1282v1",/mnt/HDD/kia/HMP_reference/gtdb-rs207.genomic-reps.dna.k31.zip,960cc77fc7b96d595712107aaa1524b5,0.078,51000,46,1984000,,SRS018978.tar.bz2,2c8a7ea0,325542000
92000,0.00028260562385191464,0.006964758322886196,0.0001535900129629971,0.0001535900129629971,,,,"GCA_900557355.1 uncultured Bacteroides sp., UMGS2042",/mnt/HDD/kia/HMP_reference/gtdb-rs207.genomic-reps.dna.k31.zip,987057f8f58832de97baec421bf869c2,0.0128151553141106,50000,47,1934000,,SRS018978.tar.bz2,2c8a7ea0,325542000
257000,0.000789452666629805,0.02678093197643278,0.0001535900129629971,0.0001535900129629971,,,,"GCF_901873445.1 Gemella haemolysans, Gemella_haemolysans_BgEED14",/mnt/HDD/kia/HMP_reference/gtdb-rs207.genomic-reps.dna.k31.zip,f3ffe8646c5b9a481cfbec7ec653b47d,0.1376539903588645,50000,48,1884000,,SRS018978.tar.bz2,2c8a7ea0,325542000
695000,0.0021349011801856596,0.02262443438914027,0.0001535900129629971,0.0001535900129629971,,,,"GCF_000187745.1 Streptococcus sp. M334 strain=M334, ASM18774v1",/mnt/HDD/kia/HMP_reference/gtdb-rs207.genomic-reps.dna.k31.zip,871ce9439ca9d063f58e00414c9a5235,0.31447963800904977,50000,49,1834000,,SRS018978.tar.bz2,2c8a7ea0,325542000
