intersect_bp,f_orig_query,f_match,f_unique_to_query,f_unique_weighted,average_abund,median_abund,std_abund,name,filename,md5,f_match_orig,unique_intersect_bp,gather_result_rank,remaining_bp,query_filename,query_name,query_md5,query_bp
1580000,0.0266208383879229,0.5175237471339665,0.0266208383879229,0.0266208383879229,,,,"GCF_000455445.1 Prevotella timonensis 4401737 = DSM 22865 = JCM 15640 strain=4401737, 4401737",/mnt/HDD/kia/HMP_reference/gtdb-rs207.genomic-reps.dna.k31.zip,13481ed520a681834b3cb4b8f7cd2aa5,0.5175237471339665,1580000,0,14162000,,SRS017497.tar.bz2,e9870376,59352000
1370000,0.023082625690793907,0.8248043347381095,0.023082625690793907,0.023082625690793907,,,,"GCF_000214495.1 Megasphaera sp. UPII 199-6 strain=UPII 199-6, ASM21449v1",/mnt/HDD/kia/HMP_reference/gtdb-rs207.genomic-reps.dna.k31.zip,f366d51426cb65e759da098846a62a64,0.8248043347381095,1370000,1,12792000,,SRS017497.tar.bz2,e9870376,59352000
1330000,0.02240868041515029,0.5628249566724437,0.021886372826526487,0.021886372826526487,,,,"GCF_000378745.1 Prevotella amnii DSM 23384 = JCM 14753 strain=DSM 23384, ASM37874v1",/mnt/HDD/kia/HMP_reference/gtdb-rs207.genomic-reps.dna.k31.zip,14ddf866863cbc77c9f98df80ab05835,0.5762564991334489,1299000,2,11493000,,SRS017497.tar.bz2,e9870376,59352000
1262000,0.02126297344655614,0.7480735032602253,0.02126297344655614,0.02126297344655614,,,,"GCF_001042655.1 Gardnerella vaginalis ATCC 14018 = JCM 11026 strain=JCM 11026, ASM104265v1",/mnt/HDD/kia/HMP_reference/gtdb-rs207.genomic-reps.dna.k31.zip,7c2bc6624dc89657447afc0395aec324,0.7480735032602253,1262000,3,10231000,,SRS017497.tar.bz2,e9870376,59352000
1197000,0.020167812373635262,0.7032902467685076,0.020167812373635262,0.020167812373635262,,,,"GCA_001552935.1 Coriobacteriales bacterium DNF00809 strain=DNF00809, ASM155293v1",/mnt/HDD/kia/HMP_reference/gtdb-rs207.genomic-reps.dna.k31.zip,fbc02241124e13f9171435f0841a1771,0.7032902467685076,1197000,4,9034000,,SRS017497.tar.bz2,e9870376,59352000
1155000,0.01946016983420946,0.6756923076923077,0.018499797816417307,0.018499797816417307,,,,"GCF_003397705.1 Gardnerella vaginalis strain=GS 9838-1, ASM339770v1",/mnt/HDD/kia/HMP_reference/gtdb-rs207.genomic-reps.dna.k31.zip,b3992f37f619f71dc8a057744f314734,0.7107692307692308,1098000,5,7936000,,SRS017497.tar.bz2,e9870376,59352000
916000,0.015433346812238846,0.639298245614035,0.015349103652783394,0.015349103652783394,,,,"GCF_000159235.2 Atopobium vaginae DSM 15829 strain=DSM 15829, ASM15923v2",/mnt/HDD/kia/HMP_reference/gtdb-rs207.genomic-reps.dna.k31.zip,67a03d8729dc38c0afae7ef63072e014,0.6428070175438596,911000,6,7025000,,SRS017497.tar.bz2,e9870376,59352000
926000,0.015601833131149751,0.2985559566787004,0.013933818573931797,0.013933818573931797,,,,"GCF_000479005.1 Prevotella sp. BV3P1 strain=BV3P1, PspBV3P1v1.0",/mnt/HDD/kia/HMP_reference/gtdb-rs207.genomic-reps.dna.k31.zip,16efaa12032d3eca0239d7882edb1568,0.3342960288808664,827000,7,6198000,,SRS017497.tar.bz2,e9870376,59352000
818000,0.013782180886911983,0.6430817610062893,0.013782180886911983,0.013782180886911983,,,,"GCF_000973085.1 Sneathia amnii strain=SN35, ASM97308v1",/mnt/HDD/kia/HMP_reference/gtdb-rs207.genomic-reps.dna.k31.zip,12b3aa33520ad6aa4244119bb40cf133,0.6430817610062893,818000,8,5380000,,SRS017497.tar.bz2,e9870376,59352000
550000,0.009266747540099743,0.44006436041834274,0.009216201644426473,0.009216201644426473,,,,"GCF_000194985.1 Dialister micraerophilus DSM 19965 strain=DSM 19965, ASM19498v1",/mnt/HDD/kia/HMP_reference/gtdb-rs207.genomic-reps.dna.k31.zip,90fa1326a88d0e8d10e84b5ee77fb100,0.4424778761061947,547000,9,4833000,,SRS017497.tar.bz2,e9870376,59352000
537000,0.009047715325515569,0.16391085549964055,0.007682976142337242,0.007682976142337242,,,,"GCF_000613345.1 Prevotella disiens JCM 6334 = ATCC 29426 strain=JCM 6334, ASM61334v1",/mnt/HDD/kia/HMP_reference/gtdb-rs207.genomic-reps.dna.k31.zip,1c430652907aa72ff983b419e0f1a0b4,0.19302659956865564,456000,10,4377000,,SRS017497.tar.bz2,e9870376,59352000
376000,0.0063350855910500065,0.16666666666666666,0.006250842431594555,0.006250842431594555,,,,"GCA_002892395.1 Lachnospiraceae bacterium strain=KA00044, ASM289239v1",/mnt/HDD/kia/HMP_reference/gtdb-rs207.genomic-reps.dna.k31.zip,ea31a02cc7b1f32d06be773d72b61d93,0.16891284815813118,371000,11,4006000,,SRS017497.tar.bz2,e9870376,59352000
360000,0.00606550748079256,0.22158730158730158,0.005880172529990565,0.005880172529990565,,,,"GCA_001552885.1 Clostridiales bacterium KA00274 strain=KA00274, ASM155288v1",/mnt/HDD/kia/HMP_reference/gtdb-rs207.genomic-reps.dna.k31.zip,d4cf2d9ea7b8e0a9cbc4a3e44ca18cc7,0.22857142857142856,349000,12,3657000,,SRS017497.tar.bz2,e9870376,59352000
333000,0.005610594419733118,0.2072704081632653,0.005475805364604394,0.005475805364604394,,,,"GCA_001553355.1 Veillonellaceae bacterium DNF00626 strain=DNF00626, ASM155335v1",/mnt/HDD/kia/HMP_reference/gtdb-rs207.genomic-reps.dna.k31.zip,89b23eb7f7d1cb0f969e86df6be2bae1,0.21237244897959184,325000,13,3332000,,SRS017497.tar.bz2,e9870376,59352000
309000,0.005206227254346947,0.14285714285714285,0.005088286831109314,0.005088286831109314,,,,"GCF_000174775.1 Porphyromonas uenonis 60-3 strain=60-3, ASM17477v1",/mnt/HDD/kia/HMP_reference/gtdb-rs207.genomic-reps.dna.k31.zip,2c4e60c789a9257c13f9c33e3faa2600,0.14616840113528856,302000,14,3030000,,SRS017497.tar.bz2,e9870376,59352000
329000,0.005543199892168756,0.18076923076923077,0.004751314193287505,0.004751314193287505,,,,"GCF_900343135.1 Atopobium sp. Marseille-P4126 strain=Marseille-P4126, PRJEB24599",/mnt/HDD/kia/HMP_reference/gtdb-rs207.genomic-reps.dna.k31.zip,8a2f944860b938ea6259b44028cebef6,0.2108974358974359,282000,15,2748000,,SRS017497.tar.bz2,e9870376,59352000
896000,0.015096374174417037,0.08623969562460368,0.004582827874376601,0.004582827874376601,,,,"GCF_000762405.1 Prevotella timonensis S9-PR14 strain=S9-PR14, 04_NF40_HMP9304v01",/mnt/HDD/kia/HMP_reference/gtdb-rs207.genomic-reps.dna.k31.zip,003a6405199d5ef7cf7aca926ae73c57,0.28408370323398857,272000,16,2476000,,SRS017497.tar.bz2,e9870376,59352000
262000,0.0044143415554656965,0.12609970674486803,0.004346947027901334,0.004346947027901334,,,,"GCF_000381525.1 Peptostreptococcus anaerobius VPI 4330 = DSM 2949 strain=DSM 2949, ASM38152v1",/mnt/HDD/kia/HMP_reference/gtdb-rs207.genomic-reps.dna.k31.zip,aa838f9637d502bc6cd658e34c5b0cc2,0.12805474095796676,258000,17,2218000,,SRS017497.tar.bz2,e9870376,59352000
310000,0.005223075886238038,0.0641158221302999,0.0031338455317428226,0.0031338455317428226,,,,"GCF_003096815.1 Prevotella colorans strain=DSM 100333, ASM309681v1",/mnt/HDD/kia/HMP_reference/gtdb-rs207.genomic-reps.dna.k31.zip,fe6283b69665fb396c97f98420d9526d,0.10685970355049983,186000,18,2032000,,SRS017497.tar.bz2,e9870376,59352000
564000,0.00950262838657501,0.05742251223491028,0.002965359212831918,0.002965359212831918,,,,"GCF_000177075.1 Prevotella buccalis ATCC 35310 strain=ATCC 35310, ASM17707v1",/mnt/HDD/kia/HMP_reference/gtdb-rs207.genomic-reps.dna.k31.zip,ab0fed6fcc79a2fd5c89b37fd9d72c95,0.18401305057096248,176000,19,1856000,,SRS017497.tar.bz2,e9870376,59352000
144000,0.002426202992317024,0.10678871090770405,0.002358808464752662,0.002358808464752662,,,,"GCF_000160875.1 Lactobacillus iners DSM 13335 strain=DSM 13335, ASM16087v1",/mnt/HDD/kia/HMP_reference/gtdb-rs207.genomic-reps.dna.k31.zip,a3c06acfd6e434dfc80d4cff3cf45af5,0.10983981693363844,140000,20,1716000,,SRS017497.tar.bz2,e9870376,59352000
687000,0.011575010109179135,0.08971840209561231,0.0023082625690793905,0.0023082625690793905,,,,"GCF_003293675.1 Gardnerella vaginalis strain=UGent 06.41, ASM329367v1",/mnt/HDD/kia/HMP_reference/gtdb-rs207.genomic-reps.dna.k31.zip,484f50feefbab92e0de323a6a2106c1e,0.449901768172888,137000,21,1579000,,SRS017497.tar.bz2,e9870376,59352000
139000,0.0023419598328615716,0.06287843502561714,0.00227456530529721,0.00227456530529721,,,,"GCF_000159095.1 Anaerococcus tetradius ATCC 35098 strain=ATCC 35098, ASM15909v1",/mnt/HDD/kia/HMP_reference/gtdb-rs207.genomic-reps.dna.k31.zip,a5ecc366a749ed6a68fce2860d3b9b6a,0.0647414997671169,135000,22,1444000,,SRS017497.tar.bz2,e9870376,59352000
301000,0.005071438199218224,0.07530312699425654,0.001988138563148672,0.001988138563148672,,,,"GCF_003397585.1 Gardnerella vaginalis strain=UGent 18.01, ASM339758v1",/mnt/HDD/kia/HMP_reference/gtdb-rs207.genomic-reps.dna.k31.zip,d4c20520d3beeabaca72a076d90a99f1,0.19208679004467136,118000,23,1326000,,SRS017497.tar.bz2,e9870376,59352000
130000,0.0021903221458417577,0.0670846394984326,0.0018028036123466774,0.0018028036123466774,,,,"GCF_001543105.1 Aerococcus christensenii strain=CCUG28831, ASM154310v1",/mnt/HDD/kia/HMP_reference/gtdb-rs207.genomic-reps.dna.k31.zip,e680e1f8a04eb02434367926c3a061ae,0.08150470219435736,107000,24,1219000,,SRS017497.tar.bz2,e9870376,59352000
108000,0.001819652244237768,0.08481421647819062,0.0017691063485644966,0.0017691063485644966,,,,"GCF_001553005.1 Gemella asaccharolytica strain=KA00071, ASM155300v1",/mnt/HDD/kia/HMP_reference/gtdb-rs207.genomic-reps.dna.k31.zip,e9c4025f549c045fcec90d0e042b5cc9,0.08723747980613894,105000,25,1114000,,SRS017497.tar.bz2,e9870376,59352000
121000,0.002038684458821944,0.05405405405405406,0.001752257716673406,0.001752257716673406,,,,"GCF_000758885.1 Peptostreptococcus sp. MV1 strain=MV1, 04_NF40_HMP1639v01",/mnt/HDD/kia/HMP_reference/gtdb-rs207.genomic-reps.dna.k31.zip,85e6c55be29b1d33fc0861052114e452,0.0628898128898129,104000,26,1010000,,SRS017497.tar.bz2,e9870376,59352000
144000,0.002426202992317024,0.0536986301369863,0.0016511659253268635,0.0016511659253268635,,,,"GCF_000378725.1 Peptoniphilus lacrimalis DSM 7455 strain=DSM 7455, ASM37872v1",/mnt/HDD/kia/HMP_reference/gtdb-rs207.genomic-reps.dna.k31.zip,c5f3a9698e39ff1bb4a979d4089732f1,0.0789041095890411,98000,27,912000,,SRS017497.tar.bz2,e9870376,59352000
94000,0.0015837713977625016,0.06045016077170418,0.0015837713977625016,0.0015837713977625016,,,,"GCA_900542465.1 uncultured Clostridiales bacterium, UMGS455",/mnt/HDD/kia/HMP_reference/gtdb-rs207.genomic-reps.dna.k31.zip,d3d9a468e7d9be5a1496eebcf429cae5,0.06045016077170418,94000,28,818000,,SRS017497.tar.bz2,e9870376,59352000
82000,0.0013815878150694163,0.12347560975609756,0.0013647391831783258,0.0013647391831783258,,,,"GCF_000085865.1 Mycoplasma hominis ATCC 23114 strain=ATCC 23114, ASM8586v1",/mnt/HDD/kia/HMP_reference/gtdb-rs207.genomic-reps.dna.k31.zip,ceb9788cb867c1a69bc55dfafd38321c,0.125,81000,29,737000,,SRS017497.tar.bz2,e9870376,59352000
104000,0.001752257716673406,0.0410958904109589,0.0013141932875050547,0.0013141932875050547,,,,"GCF_000183565.1 Peptoniphilus harei ACS-146-V-Sch2b strain=ACS-146-V-Sch2b, ASM18356v1",/mnt/HDD/kia/HMP_reference/gtdb-rs207.genomic-reps.dna.k31.zip,ac51b5407d352af84f2966f71227ba2e,0.0547945205479452,78000,30,659000,,SRS017497.tar.bz2,e9870376,59352000
104000,0.001752257716673406,0.03373382624768946,0.0012299501280496024,0.0012299501280496024,,,,"GCF_001693775.2 Criibacterium bergeronii strain=CCRI-22567, ASM169377v2",/mnt/HDD/kia/HMP_reference/gtdb-rs207.genomic-reps.dna.k31.zip,d65a9d8aae4b042dc6241109e43d474e,0.04805914972273567,73000,31,586000,,SRS017497.tar.bz2,e9870376,59352000
65000,0.0010951610729208788,0.012,0.0010109179134654266,0.0010109179134654266,,,,"GCF_000012825.1 Bacteroides vulgatus ATCC 8482 strain=ATCC 8482, ASM1282v1",/mnt/HDD/kia/HMP_reference/gtdb-rs207.genomic-reps.dna.k31.zip,960cc77fc7b96d595712107aaa1524b5,0.013,60000,32,526000,,SRS017497.tar.bz2,e9870376,59352000
350000,0.005897021161881655,0.029006882989183875,0.000994069281574336,0.000994069281574336,,,,"GCA_900547085.1 uncultured Prevotella sp., UMGS950",/mnt/HDD/kia/HMP_reference/gtdb-rs207.genomic-reps.dna.k31.zip,7beceb9364e6b561431f4f8e46854c6b,0.1720747295968535,59000,33,467000,,SRS017497.tar.bz2,e9870376,59352000
65000,0.0010951610729208788,0.03353057199211045,0.0008592802264456126,0.0008592802264456126,,,,"GCF_001553085.1 Parvimonas sp. KA00067 strain=KA00067, ASM155308v1",/mnt/HDD/kia/HMP_reference/gtdb-rs207.genomic-reps.dna.k31.zip,1e40662e2fa11d7ea936675abaeb9b81,0.042735042735042736,51000,34,416000,,SRS017497.tar.bz2,e9870376,59352000
