intersect_bp,f_orig_query,f_match,f_unique_to_query,f_unique_weighted,average_abund,median_abund,std_abund,name,filename,md5,f_match_orig,unique_intersect_bp,gather_result_rank,remaining_bp,query_filename,query_name,query_md5,query_bp
1824000,0.05397248113626276,0.7506172839506173,0.05397248113626276,0.05397248113626276,,,,"GCF_003030305.1 Cutibacterium acnes strain=ATCC 6919, ASM303030v1",/mnt/HDD/kia/HMP_reference/gtdb-rs207.genomic-reps.dna.k31.zip,ff021938b2e5aeb2c3d43194bd8f6fed,0.7506172839506173,1824000,0,9651000,,SRS017451.tar.bz2,20affbef,33795000
1434000,0.04243231247225921,0.5800970873786407,0.04243231247225921,0.04243231247225921,,,,"GCF_000478175.1 Corynebacterium sp. KPL1814 strain=KPL1814, Cory_sp_KPL1814_V1",/mnt/HDD/kia/HMP_reference/gtdb-rs207.genomic-reps.dna.k31.zip,4cde657a6de5dd95199d6e1d2ee0d378,0.5800970873786407,1434000,1,8217000,,SRS017451.tar.bz2,20affbef,33795000
1026000,0.0303595206391478,0.6522292993630573,0.030300340287024708,0.030300340287024708,,,,"GCA_003241315.1 Lawsonella clevelandensis, ASM324131v1",/mnt/HDD/kia/HMP_reference/gtdb-rs207.genomic-reps.dna.k31.zip,615e5c6c38f626bff2360eec57680c79,0.6535031847133758,1024000,2,7193000,,SRS017451.tar.bz2,20affbef,33795000
910000,0.026927060216008287,0.36286749899315346,0.026660748631454356,0.026660748631454356,,,,"GCF_000375525.1 Corynebacterium propinquum DSM 44285 strain=DSM 44285, ASM37552v1",/mnt/HDD/kia/HMP_reference/gtdb-rs207.genomic-reps.dna.k31.zip,24fde4240d0f6ce88999d501358b2d8c,0.36649214659685864,901000,3,6292000,,SRS017451.tar.bz2,20affbef,33795000
1342000,0.03971001627459683,0.36726215205650187,0.02615771563840805,0.02615771563840805,,,,"GCF_000159115.1 Corynebacterium accolens ATCC 49725 strain=ATCC 49725, ASM15911v1",/mnt/HDD/kia/HMP_reference/gtdb-rs207.genomic-reps.dna.k31.zip,30fc14d53964d66f039fe9009573cee3,0.5575405068550062,884000,4,5408000,,SRS017451.tar.bz2,20affbef,33795000
851000,0.02518123982837698,0.4686123348017621,0.02518123982837698,0.02518123982837698,,,,"GCF_000245815.1 Dolosigranulum pigrum ATCC 51524 strain=ATCC 51524, Dolo_pigr_ATCC_51524_V1",/mnt/HDD/kia/HMP_reference/gtdb-rs207.genomic-reps.dna.k31.zip,786730e4a7016d177710bc545c7918ca,0.4686123348017621,851000,5,4557000,,SRS017451.tar.bz2,20affbef,33795000
514000,0.01520935049563545,0.21761219305673157,0.01520935049563545,0.01520935049563545,,,,"GCF_006742205.1 Staphylococcus epidermidis strain=NBRC 100911, ASM674220v1",/mnt/HDD/kia/HMP_reference/gtdb-rs207.genomic-reps.dna.k31.zip,573514f3d349904ef56eb74c28c247d7,0.21761219305673157,514000,6,4043000,,SRS017451.tar.bz2,20affbef,33795000
408000,0.012072791833111407,0.18508412914961347,0.012043201657049859,0.012043201657049859,,,,"GCF_000191405.1 Haemophilus parainfluenzae ATCC 33392 strain=ATCC 33392, ASM19140v1",/mnt/HDD/kia/HMP_reference/gtdb-rs207.genomic-reps.dna.k31.zip,fbfb9299b266913d2d2b6175ee509a88,0.1855388813096862,407000,7,3636000,,SRS017451.tar.bz2,20affbef,33795000
306000,0.009054593874833556,0.13315579227696406,0.00887705281846427,0.00887705281846427,,,,"GCF_900186975.1 Cutibacterium granulosum strain=NCTC11865, 50569_F01",/mnt/HDD/kia/HMP_reference/gtdb-rs207.genomic-reps.dna.k31.zip,737acad50d16ca56da72f9d2a7ffd059,0.13581890812250333,300000,8,3336000,,SRS017451.tar.bz2,20affbef,33795000
289000,0.008551560881787247,0.14124570868072583,0.008521970705725699,0.008521970705725699,,,,"GCF_002386345.1 Streptococcus oralis strain=FDAARGOS_367, ASM238634v1",/mnt/HDD/kia/HMP_reference/gtdb-rs207.genomic-reps.dna.k31.zip,574c99593e991dd13455614261fa499f,0.14173614516920058,288000,9,3048000,,SRS017451.tar.bz2,20affbef,33795000
221000,0.0065394289096020125,0.06952491309385864,0.005326231691078562,0.005326231691078562,,,,"GCF_002154655.1 Corynebacterium kefirresidentii strain=SB, ASM215465v1",/mnt/HDD/kia/HMP_reference/gtdb-rs207.genomic-reps.dna.k31.zip,6a7c544dce2b6d683a1acb703e969a91,0.08536114329857088,180000,10,2868000,,SRS017451.tar.bz2,20affbef,33795000
158000,0.004675247817724515,0.08129233976029182,0.00461606746560142,0.00461606746560142,,,,"GCF_900454685.1 Peptoniphilus harei strain=NCTC13076, 52278_A01",/mnt/HDD/kia/HMP_reference/gtdb-rs207.genomic-reps.dna.k31.zip,6bf9d54ec41d1d518efcb422f5c4836c,0.08233454924439812,156000,11,2712000,,SRS017451.tar.bz2,20affbef,33795000
156000,0.00461606746560142,0.0610079575596817,0.00340287024707797,0.00340287024707797,,,,"GCF_005144795.1 Streptococcus mitis strain=ColumbLawn, ASM514479v1",/mnt/HDD/kia/HMP_reference/gtdb-rs207.genomic-reps.dna.k31.zip,4b354bc6137e1e2166496b77d08d0d60,0.08275862068965517,115000,12,2597000,,SRS017451.tar.bz2,20affbef,33795000
128000,0.0037875425358780885,0.051188299817184646,0.0033140997188933273,0.0033140997188933273,,,,"GCF_001553855.1 Streptococcus gordonii strain=CCUG 33482, ASM155385v1",/mnt/HDD/kia/HMP_reference/gtdb-rs207.genomic-reps.dna.k31.zip,419095204c9ce692353e030f466fa6fe,0.05850091407678245,112000,13,2485000,,SRS017451.tar.bz2,20affbef,33795000
105000,0.0031069684864624943,0.097856477166822,0.0031069684864624943,0.0031069684864624943,,,,"GCA_003248485.1 Francisella sp., ASM324848v1",/mnt/HDD/kia/HMP_reference/gtdb-rs207.genomic-reps.dna.k31.zip,89e23aa6dc902099f68f4c95232a0111,0.097856477166822,105000,14,2380000,,SRS017451.tar.bz2,20affbef,33795000
113000,0.003343689894954875,0.051680883090817864,0.0030477881343393995,0.0030477881343393995,,,,"GCF_003182075.1 Finegoldia magna strain=DSM 20470, ASM318207v1",/mnt/HDD/kia/HMP_reference/gtdb-rs207.genomic-reps.dna.k31.zip,bf55edb38214873d2ecd56616f85a5e7,0.05669844455594581,103000,15,2277000,,SRS017451.tar.bz2,20affbef,33795000
102000,0.003018197958277852,0.04735376044568245,0.003018197958277852,0.003018197958277852,,,,"GCF_014647755.1 Porphyromonas pasteri strain=JCM 30531, ASM1464775v1",/mnt/HDD/kia/HMP_reference/gtdb-rs207.genomic-reps.dna.k31.zip,2a81c1b7e89daa651c5a51bffe9edaf9,0.04735376044568245,102000,16,2175000,,SRS017451.tar.bz2,20affbef,33795000
270000,0.007989347536617843,0.047326076668244205,0.0029590176061547566,0.0029590176061547566,,,,"GCF_003252755.1 Haemophilus parainfluenzae strain=C2006002596, ASM325275v1",/mnt/HDD/kia/HMP_reference/gtdb-rs207.genomic-reps.dna.k31.zip,3e8fd94fed6765b59ed6454114bdcb94,0.12778040700425936,100000,17,2075000,,SRS017451.tar.bz2,20affbef,33795000
101000,0.002988607782216304,0.05018888289260658,0.0027518863737239236,0.0027518863737239236,,,,"GCF_900626155.1 Anaerococcus sp. Marseille-P4512 strain=Marseille-P4512, PRJEB22908",/mnt/HDD/kia/HMP_reference/gtdb-rs207.genomic-reps.dna.k31.zip,c6e889a84c7930320f32493427014cfc,0.05450620615218565,93000,18,1982000,,SRS017451.tar.bz2,20affbef,33795000
153000,0.004527296937416778,0.039045553145336226,0.002663115845539281,0.002663115845539281,,,,"GCF_016127015.1 Corynebacterium tuberculostearicum strain=FDAARGOS_993, ASM1612701v1",/mnt/HDD/kia/HMP_reference/gtdb-rs207.genomic-reps.dna.k31.zip,74c4ea8211b98e35d7dda10fb5dc1861,0.06637744034707159,90000,19,1892000,,SRS017451.tar.bz2,20affbef,33795000
92000,0.002722296197662376,0.04697226938313526,0.002455984613108448,0.002455984613108448,,,,"GCF_000321005.1 Anaerococcus senegalensis JC48 strain=type strain: JC17, ASM32100v2",/mnt/HDD/kia/HMP_reference/gtdb-rs207.genomic-reps.dna.k31.zip,89af3e55276dc46ae9f9a5bed7e9b9c5,0.0520656479909451,83000,20,1809000,,SRS017451.tar.bz2,20affbef,33795000
78000,0.00230803373280071,0.04220779220779221,0.00230803373280071,0.00230803373280071,,,,"GCF_900475315.1 Neisseria cinerea strain=NCTC10294, 43721_G02",/mnt/HDD/kia/HMP_reference/gtdb-rs207.genomic-reps.dna.k31.zip,db4f0e24b8c89fb8d9dcf12a52c23587,0.04220779220779221,78000,21,1731000,,SRS017451.tar.bz2,20affbef,33795000
76000,0.002248853380677615,0.029377657518361036,0.002248853380677615,0.002248853380677615,,,,"GCA_002355935.1 Rothia aeria strain=JCM 11412, ASM235593v1",/mnt/HDD/kia/HMP_reference/gtdb-rs207.genomic-reps.dna.k31.zip,eb948218f0408dc18f5b24385de1af7d,0.029377657518361036,76000,22,1655000,,SRS017451.tar.bz2,20affbef,33795000
74000,0.00218967302855452,0.04465902232951117,0.00218967302855452,0.00218967302855452,,,,"GCF_900478295.1 Helicobacter pylori NCTC 11637 = CCUG 17874 = ATCC 43504 strain=NCTC 11637, 35377_D02",/mnt/HDD/kia/HMP_reference/gtdb-rs207.genomic-reps.dna.k31.zip,8be1cc8918034b3c4990eae12f554eb9,0.04465902232951117,74000,23,1581000,,SRS017451.tar.bz2,20affbef,33795000
74000,0.00218967302855452,0.043272080616478956,0.0021600828524929723,0.0021600828524929723,,,,"GCF_001042655.1 Gardnerella vaginalis ATCC 14018 = JCM 11026 strain=JCM 11026, ASM104265v1",/mnt/HDD/kia/HMP_reference/gtdb-rs207.genomic-reps.dna.k31.zip,7c2bc6624dc89657447afc0395aec324,0.04386484884410195,73000,24,1508000,,SRS017451.tar.bz2,20affbef,33795000
151000,0.004468116585293683,0.03440150801131008,0.0021600828524929723,0.0021600828524929723,,,,"GCF_002005545.1 Streptococcus mitis strain=321A, ASM200554v1",/mnt/HDD/kia/HMP_reference/gtdb-rs207.genomic-reps.dna.k31.zip,e3ab80647e9a895b8f2118caf2372c64,0.0711592836946277,73000,25,1435000,,SRS017451.tar.bz2,20affbef,33795000
219000,0.006480248557478917,0.0323846908734053,0.0019529516200621393,0.0019529516200621393,,,,"GCF_000210895.1 Haemophilus parainfluenzae T3T1 strain=T3T1, ASM21089v1",/mnt/HDD/kia/HMP_reference/gtdb-rs207.genomic-reps.dna.k31.zip,364e7e1727f57ba63e8216dbea229ae5,0.10745829244357213,66000,26,1369000,,SRS017451.tar.bz2,20affbef,33795000
90000,0.002663115845539281,0.028747433264887063,0.0016570498594466636,0.0016570498594466636,,,,"GCF_000010185.1 Finegoldia magna ATCC 29328 strain=ATCC 29328, ASM1018v1",/mnt/HDD/kia/HMP_reference/gtdb-rs207.genomic-reps.dna.k31.zip,27b134575f52cc87f9c58fcc5b167571,0.04620123203285421,56000,27,1313000,,SRS017451.tar.bz2,20affbef,33795000
54000,0.0015978695073235686,0.027245206861755803,0.0015978695073235686,0.0015978695073235686,,,,"GCA_905371275.1 Prevotellaceae bacterium, SRR6059114-mag-bin.4",/mnt/HDD/kia/HMP_reference/gtdb-rs207.genomic-reps.dna.k31.zip,b28045e4d4a80cf7dfdbb67ac578f72d,0.027245206861755803,54000,28,1259000,,SRS017451.tar.bz2,20affbef,33795000
55000,0.0016274596833851162,0.017181037225580655,0.0015978695073235686,0.0015978695073235686,,,,"GCF_006546825.1 Actinomyces oris strain=CCUG 34288, ASM654682v1",/mnt/HDD/kia/HMP_reference/gtdb-rs207.genomic-reps.dna.k31.zip,e8605a9ea870c376247ec0446d5ce47b,0.017499204581609928,54000,29,1205000,,SRS017451.tar.bz2,20affbef,33795000
59000,0.0017458203876313063,0.03076923076923077,0.0014795088030773783,0.0014795088030773783,,,,"GCF_003397705.1 Gardnerella vaginalis strain=GS 9838-1, ASM339770v1",/mnt/HDD/kia/HMP_reference/gtdb-rs207.genomic-reps.dna.k31.zip,b3992f37f619f71dc8a057744f314734,0.036307692307692305,50000,30,1155000,,SRS017451.tar.bz2,20affbef,33795000
