intersect_bp,f_orig_query,f_match,f_unique_to_query,f_unique_weighted,average_abund,median_abund,std_abund,name,filename,md5,f_match_orig,unique_intersect_bp,gather_result_rank,remaining_bp,query_filename,query_name,query_md5,query_bp
2406000,0.06240921352977796,0.9901234567901235,0.06240921352977796,0.06240921352977796,,,,"GCF_003030305.1 Cutibacterium acnes strain=ATCC 6919, ASM303030v1",/mnt/HDD/kia/HMP_reference/gtdb-rs207.genomic-reps.dna.k31.zip,ff021938b2e5aeb2c3d43194bd8f6fed,0.9901234567901235,2406000,0,11048000,,SRS047225.tar.bz2,a7e0de6e,38552000
2089000,0.05418655322681054,0.884419983065199,0.05418655322681054,0.05418655322681054,,,,"GCF_006742205.1 Staphylococcus epidermidis strain=NBRC 100911, ASM674220v1",/mnt/HDD/kia/HMP_reference/gtdb-rs207.genomic-reps.dna.k31.zip,573514f3d349904ef56eb74c28c247d7,0.884419983065199,2089000,1,8959000,,SRS047225.tar.bz2,a7e0de6e,38552000
1526000,0.03958290101680847,0.9719745222929936,0.03958290101680847,0.03958290101680847,,,,"GCA_003241315.1 Lawsonella clevelandensis, ASM324131v1",/mnt/HDD/kia/HMP_reference/gtdb-rs207.genomic-reps.dna.k31.zip,615e5c6c38f626bff2360eec57680c79,0.9719745222929936,1526000,2,7433000,,SRS047225.tar.bz2,a7e0de6e,38552000
1301000,0.03374662793110604,0.540091400083091,0.03372068893961403,0.03372068893961403,,,,"GCF_000159115.1 Corynebacterium accolens ATCC 49725 strain=ATCC 49725, ASM15911v1",/mnt/HDD/kia/HMP_reference/gtdb-rs207.genomic-reps.dna.k31.zip,30fc14d53964d66f039fe9009573cee3,0.5405068550062319,1300000,3,6133000,,SRS047225.tar.bz2,a7e0de6e,38552000
1070000,0.027754720896451545,0.4865848112778536,0.027754720896451545,0.027754720896451545,,,,"GCF_001679005.1 Moraxella nonliquefaciens strain=CCUG 348, ASM167900v1",/mnt/HDD/kia/HMP_reference/gtdb-rs207.genomic-reps.dna.k31.zip,6be8f14666fc6f37947f0fa1e6c9b423,0.4865848112778536,1070000,4,5063000,,SRS047225.tar.bz2,a7e0de6e,38552000
954000,0.024745797883378294,0.525330396475771,0.024745797883378294,0.024745797883378294,,,,"GCF_000245815.1 Dolosigranulum pigrum ATCC 51524 strain=ATCC 51524, Dolo_pigr_ATCC_51524_V1",/mnt/HDD/kia/HMP_reference/gtdb-rs207.genomic-reps.dna.k31.zip,786730e4a7016d177710bc545c7918ca,0.525330396475771,954000,5,4109000,,SRS047225.tar.bz2,a7e0de6e,38552000
945000,0.024512346959950197,0.3503283120896099,0.023526665283253787,0.023526665283253787,,,,"GCF_002154655.1 Corynebacterium kefirresidentii strain=SB, ASM215465v1",/mnt/HDD/kia/HMP_reference/gtdb-rs207.genomic-reps.dna.k31.zip,6a7c544dce2b6d683a1acb703e969a91,0.3650057937427578,907000,6,3202000,,SRS047225.tar.bz2,a7e0de6e,38552000
757000,0.01963581655945217,0.33125833703868385,0.01932454866154804,0.01932454866154804,,,,"GCF_000688415.1 Corynebacterium pseudodiphtheriticum DSM 44287 strain=DSM 44287, ASM68841v1",/mnt/HDD/kia/HMP_reference/gtdb-rs207.genomic-reps.dna.k31.zip,959fe9cdced42dc4a88ae7978625c47e,0.33659404179635394,745000,7,2457000,,SRS047225.tar.bz2,a7e0de6e,38552000
342000,0.00887113509026769,0.0684,0.00887113509026769,0.00887113509026769,,,,"GCF_000012825.1 Bacteroides vulgatus ATCC 8482 strain=ATCC 8482, ASM1282v1",/mnt/HDD/kia/HMP_reference/gtdb-rs207.genomic-reps.dna.k31.zip,960cc77fc7b96d595712107aaa1524b5,0.0684,342000,8,2115000,,SRS047225.tar.bz2,a7e0de6e,38552000
171000,0.004435567545133845,0.02603203943314849,0.004383689562149824,0.004383689562149824,,,,"GCF_001314995.1 Bacteroides ovatus strain=ATCC 8483, ASM131499v1",/mnt/HDD/kia/HMP_reference/gtdb-rs207.genomic-reps.dna.k31.zip,514bdd6aa640f40cc6414be0e11ec2f6,0.02634011090573013,169000,9,1946000,,SRS047225.tar.bz2,a7e0de6e,38552000
526000,0.013643909524797675,0.05663430420711974,0.0036314588088815106,0.0036314588088815106,,,,"GCF_000478175.1 Corynebacterium sp. KPL1814 strain=KPL1814, Cory_sp_KPL1814_V1",/mnt/HDD/kia/HMP_reference/gtdb-rs207.genomic-reps.dna.k31.zip,4cde657a6de5dd95199d6e1d2ee0d378,0.2127831715210356,140000,10,1806000,,SRS047225.tar.bz2,a7e0de6e,38552000
137000,0.0035536418344054785,0.05725699067909454,0.003346129902469392,0.003346129902469392,,,,"GCF_900186975.1 Cutibacterium granulosum strain=NCTC11865, 50569_F01",/mnt/HDD/kia/HMP_reference/gtdb-rs207.genomic-reps.dna.k31.zip,737acad50d16ca56da72f9d2a7ffd059,0.06080781180648025,129000,11,1677000,,SRS047225.tar.bz2,a7e0de6e,38552000
126000,0.0032683129279933595,0.06075216972034716,0.0032683129279933595,0.0032683129279933595,,,,"GCF_002096755.1 Streptococcus mitis strain=RH_50275_09, ASM209675v1",/mnt/HDD/kia/HMP_reference/gtdb-rs207.genomic-reps.dna.k31.zip,b1a0b7cad189923faf01ee4fa5d930aa,0.06075216972034716,126000,12,1551000,,SRS047225.tar.bz2,a7e0de6e,38552000
270000,0.007003527702842913,0.019237749546279492,0.002749533098153144,0.002749533098153144,,,,"GCF_013009555.1 Bacteroides dorei strain=DSM 17855, ASM1300955v1",/mnt/HDD/kia/HMP_reference/gtdb-rs207.genomic-reps.dna.k31.zip,f906f0ea3324bc6db880a742f3f0b0ba,0.04900181488203267,106000,13,1445000,,SRS047225.tar.bz2,a7e0de6e,38552000
83000,0.0021529362938368956,0.027489104927924907,0.0021269973023448846,0.0021269973023448846,,,,"GCF_001553935.1 Actinomyces oris strain=T14V, ASM155393v1",/mnt/HDD/kia/HMP_reference/gtdb-rs207.genomic-reps.dna.k31.zip,b8fe439206f0708f15356748b7021bc7,0.02782433791485082,82000,14,1363000,,SRS047225.tar.bz2,a7e0de6e,38552000
176000,0.004565262502593899,0.03262182843334676,0.002101058310852874,0.002101058310852874,,,,"GCF_000375525.1 Corynebacterium propinquum DSM 44285 strain=DSM 44285, ASM37552v1",/mnt/HDD/kia/HMP_reference/gtdb-rs207.genomic-reps.dna.k31.zip,24fde4240d0f6ce88999d501358b2d8c,0.07088199758356827,81000,15,1282000,,SRS047225.tar.bz2,a7e0de6e,38552000
148000,0.003838970740817597,0.03942828979793001,0.002075119319360863,0.002075119319360863,,,,"GCA_900766305.1 uncultured Gemella sp., SRS372688_6",/mnt/HDD/kia/HMP_reference/gtdb-rs207.genomic-reps.dna.k31.zip,d5fcb65f2e71bfe9f151d7e7e263a4e1,0.07294233612617053,80000,16,1202000,,SRS047225.tar.bz2,a7e0de6e,38552000
231000,0.005991907034654492,0.03427331887201735,0.0020491803278688526,0.0020491803278688526,,,,"GCF_013408445.1 Corynebacterium tuberculostearicum strain=DSM 44922, ASM1340844v1",/mnt/HDD/kia/HMP_reference/gtdb-rs207.genomic-reps.dna.k31.zip,8897c1bb4f3ce709a4ad43a0e85932fc,0.1002169197396963,79000,17,1123000,,SRS047225.tar.bz2,a7e0de6e,38552000
111000,0.002879228055613198,0.030217566478646252,0.0019454243619008093,0.0019454243619008093,,,,"GCF_002902325.1 Staphylococcus capitis subsp. capitis strain=NCTC 11045, ASM290232v1",/mnt/HDD/kia/HMP_reference/gtdb-rs207.genomic-reps.dna.k31.zip,ee650d57ebdb152533f91818a75ffcf6,0.04472199838839645,75000,18,1048000,,SRS047225.tar.bz2,a7e0de6e,38552000
107000,0.0027754720896451548,0.02750809061488673,0.0017638514214567338,0.0017638514214567338,,,,"GCF_000227295.1 Cutibacterium avidum ATCC 25577 strain=ATCC 25577, ASM22729v1",/mnt/HDD/kia/HMP_reference/gtdb-rs207.genomic-reps.dna.k31.zip,639e64517aa790c6b3ed1747dd35d801,0.043284789644012944,68000,19,980000,,SRS047225.tar.bz2,a7e0de6e,38552000
121000,0.003138617970533306,0.030160226201696512,0.0016600954554886907,0.0016600954554886907,,,,"GCF_002005545.1 Streptococcus mitis strain=321A, ASM200554v1",/mnt/HDD/kia/HMP_reference/gtdb-rs207.genomic-reps.dna.k31.zip,e3ab80647e9a895b8f2118caf2372c64,0.05702167766258247,64000,20,916000,,SRS047225.tar.bz2,a7e0de6e,38552000
148000,0.003838970740817597,0.024018299656881435,0.0016341564639966797,0.0016341564639966797,,,,"GCF_008326345.1 Cutibacterium sp. M12 strain=M12, ASM832634v1",/mnt/HDD/kia/HMP_reference/gtdb-rs207.genomic-reps.dna.k31.zip,9a7d83510c12b8ec999fdb0e9d4cad82,0.05642394205108654,63000,21,853000,,SRS047225.tar.bz2,a7e0de6e,38552000
75000,0.0019454243619008093,0.027586206896551724,0.0013488275575845611,0.0013488275575845611,,,,"GCF_002355895.1 Streptococcus sp. NPS 308 strain=NPS 308, ASM235589v1",/mnt/HDD/kia/HMP_reference/gtdb-rs207.genomic-reps.dna.k31.zip,50525a693aca15d93a7242fa81c09cc4,0.03978779840848806,52000,22,801000,,SRS047225.tar.bz2,a7e0de6e,38552000
