intersect_bp,f_orig_query,f_match,f_unique_to_query,f_unique_weighted,average_abund,median_abund,std_abund,name,filename,md5,f_match_orig,unique_intersect_bp,gather_result_rank,remaining_bp,query_filename,query_name,query_md5,query_bp
2376000,0.0367329901210519,0.9777777777777777,0.0367329901210519,0.0367329901210519,,,,"GCF_003030305.1 Cutibacterium acnes strain=ATCC 6919, ASM303030v1",/mnt/HDD/kia/HMP_reference/gtdb-rs207.genomic-reps.dna.k31.zip,ff021938b2e5aeb2c3d43194bd8f6fed,0.9777777777777777,2376000,0,7124000,,SRS016944.tar.bz2,f6449c85,64683000
2037000,0.031492045823477574,0.8624047417442845,0.031492045823477574,0.031492045823477574,,,,"GCF_006742205.1 Staphylococcus epidermidis strain=NBRC 100911, ASM674220v1",/mnt/HDD/kia/HMP_reference/gtdb-rs207.genomic-reps.dna.k31.zip,573514f3d349904ef56eb74c28c247d7,0.8624047417442845,2037000,1,5087000,,SRS016944.tar.bz2,f6449c85,64683000
1018000,0.015738292905400183,0.39484286865431106,0.015150812423666187,0.015150812423666187,,,,"GCF_002902325.1 Staphylococcus capitis subsp. capitis strain=NCTC 11045, ASM290232v1",/mnt/HDD/kia/HMP_reference/gtdb-rs207.genomic-reps.dna.k31.zip,ee650d57ebdb152533f91818a75ffcf6,0.4101531023368251,980000,2,4107000,,SRS016944.tar.bz2,f6449c85,64683000
787000,0.012167029976964581,0.32696302451184045,0.012167029976964581,0.012167029976964581,,,,"GCF_000159115.1 Corynebacterium accolens ATCC 49725 strain=ATCC 49725, ASM15911v1",/mnt/HDD/kia/HMP_reference/gtdb-rs207.genomic-reps.dna.k31.zip,30fc14d53964d66f039fe9009573cee3,0.32696302451184045,787000,3,3320000,,SRS016944.tar.bz2,f6449c85,64683000
531000,0.00820926673159872,0.19196601004248745,0.007683626300573567,0.007683626300573567,,,,"GCF_002154655.1 Corynebacterium kefirresidentii strain=SB, ASM215465v1",/mnt/HDD/kia/HMP_reference/gtdb-rs207.genomic-reps.dna.k31.zip,6a7c544dce2b6d683a1acb703e969a91,0.20509849362688296,497000,4,2823000,,SRS016944.tar.bz2,f6449c85,64683000
442000,0.006833325603326995,0.2808917197452229,0.0068178655906497845,0.0068178655906497845,,,,"GCA_003241315.1 Lawsonella clevelandensis, ASM324131v1",/mnt/HDD/kia/HMP_reference/gtdb-rs207.genomic-reps.dna.k31.zip,615e5c6c38f626bff2360eec57680c79,0.28152866242038216,441000,5,2382000,,SRS016944.tar.bz2,f6449c85,64683000
380000,0.00587480481733995,0.13204801746089487,0.005611984601827373,0.005611984601827373,,,,"GCF_001027105.1 Staphylococcus aureus subsp. aureus DSM 20231 strain=DSM 20231, ASM102710v1",/mnt/HDD/kia/HMP_reference/gtdb-rs207.genomic-reps.dna.k31.zip,185d23ed7456f793b36f5c5f7f0a4c80,0.13823208439432522,363000,6,2019000,,SRS016944.tar.bz2,f6449c85,64683000
270000,0.004174203422846807,0.054,0.004174203422846807,0.004174203422846807,,,,"GCF_000012825.1 Bacteroides vulgatus ATCC 8482 strain=ATCC 8482, ASM1282v1",/mnt/HDD/kia/HMP_reference/gtdb-rs207.genomic-reps.dna.k31.zip,960cc77fc7b96d595712107aaa1524b5,0.054,270000,7,1749000,,SRS016944.tar.bz2,f6449c85,64683000
140000,0.002164401774809455,0.04827831025914093,0.002102561724100614,0.002102561724100614,,,,"GCF_011612265.2 Corynebacterium matruchotii strain=ATCC 14266, ASM1161226v2",/mnt/HDD/kia/HMP_reference/gtdb-rs207.genomic-reps.dna.k31.zip,db37b4d014ce2defcf45ffa5d152f30d,0.04969826056088037,136000,8,1613000,,SRS016944.tar.bz2,f6449c85,64683000
130000,0.0020098016480373515,0.08042394014962594,0.001994341635360141,0.001994341635360141,,,,"GCF_003408845.1 Gardnerella vaginalis strain=NR010, ASM340884v1",/mnt/HDD/kia/HMP_reference/gtdb-rs207.genomic-reps.dna.k31.zip,a56f20aae6a1f532df3056dcabd3bf45,0.08104738154613467,129000,9,1484000,,SRS016944.tar.bz2,f6449c85,64683000
128000,0.0019788816226829304,0.05545927209705372,0.0019788816226829304,0.0019788816226829304,,,,"GCF_000378745.1 Prevotella amnii DSM 23384 = JCM 14753 strain=DSM 23384, ASM37874v1",/mnt/HDD/kia/HMP_reference/gtdb-rs207.genomic-reps.dna.k31.zip,14ddf866863cbc77c9f98df80ab05835,0.05545927209705372,128000,10,1356000,,SRS016944.tar.bz2,f6449c85,64683000
272000,0.004205123448201228,0.04683544303797468,0.001716061407170354,0.001716061407170354,,,,"GCF_001642025.1 [Propionibacterium] namnetense strain=NTS 31307302, ASM164202v1",/mnt/HDD/kia/HMP_reference/gtdb-rs207.genomic-reps.dna.k31.zip,ddeb72b30b6fb2c315bf4b2a7aa36fd8,0.11476793248945148,111000,11,1245000,,SRS016944.tar.bz2,f6449c85,64683000
103000,0.0015923813057526707,0.05953757225433526,0.0015923813057526707,0.0015923813057526707,,,,"GCF_017874535.1 Anaerococcus nagyae strain=DSM 101193, ASM1787453v1",/mnt/HDD/kia/HMP_reference/gtdb-rs207.genomic-reps.dna.k31.zip,097b61e5c11b96a706fcb29cfbeca564,0.05953757225433526,103000,12,1142000,,SRS016944.tar.bz2,f6449c85,64683000
95000,0.0014687012043349875,0.07468553459119497,0.0014687012043349875,0.0014687012043349875,,,,"GCF_000973085.1 Sneathia amnii strain=SN35, ASM97308v1",/mnt/HDD/kia/HMP_reference/gtdb-rs207.genomic-reps.dna.k31.zip,12b3aa33520ad6aa4244119bb40cf133,0.07468553459119497,95000,13,1047000,,SRS016944.tar.bz2,f6449c85,64683000
91000,0.001406861153626146,0.013709180529882932,0.0013759411282717252,0.0013759411282717252,,,,"GCF_001314995.1 Bacteroides ovatus strain=ATCC 8483, ASM131499v1",/mnt/HDD/kia/HMP_reference/gtdb-rs207.genomic-reps.dna.k31.zip,514bdd6aa640f40cc6414be0e11ec2f6,0.014017252002464571,89000,14,958000,,SRS016944.tar.bz2,f6449c85,64683000
344000,0.005318244360960376,0.03478964401294499,0.001329561090240094,0.001329561090240094,,,,"GCF_000478175.1 Corynebacterium sp. KPL1814 strain=KPL1814, Cory_sp_KPL1814_V1",/mnt/HDD/kia/HMP_reference/gtdb-rs207.genomic-reps.dna.k31.zip,4cde657a6de5dd95199d6e1d2ee0d378,0.13915857605177995,86000,15,872000,,SRS016944.tar.bz2,f6449c85,64683000
77000,0.0011904209761452005,0.04848093083387201,0.0011595009507907796,0.0011595009507907796,,,,"GCF_001553405.1 Veillonellaceae bacterium KA00182 strain=KA00182, ASM155340v1",/mnt/HDD/kia/HMP_reference/gtdb-rs207.genomic-reps.dna.k31.zip,bad095351728aad767148233d6f1871b,0.049773755656108594,75000,16,797000,,SRS016944.tar.bz2,f6449c85,64683000
71000,0.001097660900081938,0.027518863737239236,0.0009585207859870445,0.0009585207859870445,,,,"GCF_900186975.1 Cutibacterium granulosum strain=NCTC11865, 50569_F01",/mnt/HDD/kia/HMP_reference/gtdb-rs207.genomic-reps.dna.k31.zip,737acad50d16ca56da72f9d2a7ffd059,0.03151353750554816,62000,17,735000,,SRS016944.tar.bz2,f6449c85,64683000
64000,0.0009894408113414652,0.03719512195121951,0.0009430607733098342,0.0009430607733098342,,,,"GCA_011082265.1 Clostridiales genomosp. BVAB1, ASM1108226v1",/mnt/HDD/kia/HMP_reference/gtdb-rs207.genomic-reps.dna.k31.zip,cde98a40261d68dc53cd8419a1f9d933,0.03902439024390244,61000,18,674000,,SRS016944.tar.bz2,f6449c85,64683000
67000,0.0010358208493730964,0.013029315960912053,0.0009276007606326237,0.0009276007606326237,,,,"GCF_000154205.1 Bacteroides uniformis ATCC 8492 strain=ATCC 8492, ASM15420v1",/mnt/HDD/kia/HMP_reference/gtdb-rs207.genomic-reps.dna.k31.zip,2e2ee99950af50be6093dcb7d1a24282,0.014549402823018458,60000,19,614000,,SRS016944.tar.bz2,f6449c85,64683000
129000,0.001994341635360141,0.02858551010349926,0.000896680735278203,0.000896680735278203,,,,"GCA_900766305.1 uncultured Gemella sp., SRS372688_6",/mnt/HDD/kia/HMP_reference/gtdb-rs207.genomic-reps.dna.k31.zip,d5fcb65f2e71bfe9f151d7e7e263a4e1,0.06357811729916214,58000,20,556000,,SRS016944.tar.bz2,f6449c85,64683000
52000,0.0008039206592149405,0.018867924528301886,0.0008039206592149405,0.0008039206592149405,,,,"GCF_900187225.1 Listeria monocytogenes strain=NCTC10357, 51881_G01",/mnt/HDD/kia/HMP_reference/gtdb-rs207.genomic-reps.dna.k31.zip,cc1970133863d89eb1b8f7a6a5dee6f4,0.018867924528301886,52000,21,504000,,SRS016944.tar.bz2,f6449c85,64683000
