intersect_bp,f_orig_query,f_match,f_unique_to_query,f_unique_weighted,average_abund,median_abund,std_abund,name,filename,md5,f_match_orig,unique_intersect_bp,gather_result_rank,remaining_bp,query_filename,query_name,query_md5,query_bp
2006000,0.060309061391377546,0.8492802709568162,0.060309061391377546,0.060309061391377546,,,,"GCF_006742205.1 Staphylococcus epidermidis strain=NBRC 100911, ASM674220v1",/mnt/HDD/kia/HMP_reference/gtdb-rs207.genomic-reps.dna.k31.zip,573514f3d349904ef56eb74c28c247d7,0.8492802709568162,2006000,0,11862000,,SRS019033.tar.bz2,d33c69a8,33262000
1451000,0.043623353977511874,0.7851731601731602,0.043623353977511874,0.043623353977511874,,,,"GCF_900445265.1 Anaerococcus octavius strain=NCTC9810, 51765_E01",/mnt/HDD/kia/HMP_reference/gtdb-rs207.genomic-reps.dna.k31.zip,241cbbfed00807dab6c63c4d320f3bbc,0.7851731601731602,1451000,1,10411000,,SRS019033.tar.bz2,d33c69a8,33262000
1440000,0.043292646263002825,0.7851605758582503,0.04263123083398473,0.04263123083398473,,,,"GCF_900106515.1 Peptoniphilus lacydonensis strain=EL1, PRJEB16530",/mnt/HDD/kia/HMP_reference/gtdb-rs207.genomic-reps.dna.k31.zip,b4b406f34659b0ee300ff2dee0f6de99,0.7973421926910299,1418000,2,8993000,,SRS019033.tar.bz2,d33c69a8,33262000
1205000,0.03622752690758223,0.4709911361804996,0.035145210751007155,0.035145210751007155,,,,"GCF_002902325.1 Staphylococcus capitis subsp. capitis strain=NCTC 11045, ASM290232v1",/mnt/HDD/kia/HMP_reference/gtdb-rs207.genomic-reps.dna.k31.zip,ee650d57ebdb152533f91818a75ffcf6,0.4854955680902498,1169000,3,7824000,,SRS019033.tar.bz2,d33c69a8,33262000
1187000,0.03568636882929469,0.6578034682080924,0.03421321628284529,0.03421321628284529,,,,"GCF_017874535.1 Anaerococcus nagyae strain=DSM 101193, ASM1787453v1",/mnt/HDD/kia/HMP_reference/gtdb-rs207.genomic-reps.dna.k31.zip,097b61e5c11b96a706fcb29cfbeca564,0.6861271676300578,1138000,4,6686000,,SRS019033.tar.bz2,d33c69a8,33262000
1106000,0.03325115747700078,0.5413948820873056,0.03243942035956948,0.03243942035956948,,,,"GCF_003182075.1 Finegoldia magna strain=DSM 20470, ASM318207v1",/mnt/HDD/kia/HMP_reference/gtdb-rs207.genomic-reps.dna.k31.zip,bf55edb38214873d2ecd56616f85a5e7,0.554942298043151,1079000,5,5607000,,SRS019033.tar.bz2,d33c69a8,33262000
994000,0.029883951656545005,0.4090534979423868,0.029883951656545005,0.029883951656545005,,,,"GCF_003030305.1 Cutibacterium acnes strain=ATCC 6919, ASM303030v1",/mnt/HDD/kia/HMP_reference/gtdb-rs207.genomic-reps.dna.k31.zip,ff021938b2e5aeb2c3d43194bd8f6fed,0.4090534979423868,994000,6,4613000,,SRS019033.tar.bz2,d33c69a8,33262000
840000,0.025254043653418316,0.535031847133758,0.025254043653418316,0.025254043653418316,,,,"GCA_003241315.1 Lawsonella clevelandensis, ASM324131v1",/mnt/HDD/kia/HMP_reference/gtdb-rs207.genomic-reps.dna.k31.zip,615e5c6c38f626bff2360eec57680c79,0.535031847133758,840000,7,3773000,,SRS019033.tar.bz2,d33c69a8,33262000
816000,0.024532499549034935,0.40489838457529964,0.02335999037941194,0.02335999037941194,,,,"GCF_900454685.1 Peptoniphilus harei strain=NCTC13076, 52278_A01",/mnt/HDD/kia/HMP_reference/gtdb-rs207.genomic-reps.dna.k31.zip,6bf9d54ec41d1d518efcb422f5c4836c,0.4252214695153726,777000,8,2996000,,SRS019033.tar.bz2,d33c69a8,33262000
537000,0.016144549335578136,0.3080895008605852,0.016144549335578136,0.016144549335578136,,,,"GCF_013372225.1 Campylobacter ureolyticus strain=LMG 6451, ASM1337222v1",/mnt/HDD/kia/HMP_reference/gtdb-rs207.genomic-reps.dna.k31.zip,4e9ef06e86fb633d4f0db7b2b7f85609,0.3080895008605852,537000,9,2459000,,SRS019033.tar.bz2,d33c69a8,33262000
451000,0.013559016294871024,0.17202797202797201,0.011093740604894474,0.011093740604894474,,,,"GCF_000312365.2 Anaerococcus provencensis strain=9402080, ASM31236v2",/mnt/HDD/kia/HMP_reference/gtdb-rs207.genomic-reps.dna.k31.zip,f72914a87faa7ac9ccffcf07ccdf3a07,0.21025641025641026,369000,10,2090000,,SRS019033.tar.bz2,d33c69a8,33262000
783000,0.023540376405507785,0.1641321447299423,0.009410137694666587,0.009410137694666587,,,,"GCF_000159695.1 Finegoldia magna ATCC 53516 strain=ATCC 53516, ASM15969v1",/mnt/HDD/kia/HMP_reference/gtdb-rs207.genomic-reps.dna.k31.zip,a0a5f5260c65de59aa6cf6f2851e3b3a,0.4105925537493445,313000,11,1777000,,SRS019033.tar.bz2,d33c69a8,33262000
388000,0.01166496302086465,0.08953418027828192,0.004449521977030846,0.004449521977030846,,,,"GCF_000413435.1 Campylobacter ureolyticus ACS-301-V-Sch3b strain=ACS-301-V-Sch3b, Camp_ureo_ACS-301-V-SCH3B_V1",/mnt/HDD/kia/HMP_reference/gtdb-rs207.genomic-reps.dna.k31.zip,121930a3cad873f78d8059c1ee2511d1,0.23472474289171205,148000,12,1629000,,SRS019033.tar.bz2,d33c69a8,33262000
538000,0.016174613673260778,0.0629190304280557,0.003667849197282184,0.003667849197282184,,,,"GCA_900766215.1 uncultured Finegoldia sp., SRS335560_6",/mnt/HDD/kia/HMP_reference/gtdb-rs207.genomic-reps.dna.k31.zip,1db98a30474b3a100f36edad1d3b4fa6,0.2774626095925735,122000,13,1507000,,SRS019033.tar.bz2,d33c69a8,33262000
125000,0.0037580422103301063,0.04712244109694863,0.003667849197282184,0.003667849197282184,,,,"GCF_002154655.1 Corynebacterium kefirresidentii strain=SB, ASM215465v1",/mnt/HDD/kia/HMP_reference/gtdb-rs207.genomic-reps.dna.k31.zip,6a7c544dce2b6d683a1acb703e969a91,0.04828118964851294,122000,14,1385000,,SRS019033.tar.bz2,d33c69a8,33262000
98000,0.0029463050928988034,0.037999224505622334,0.0029463050928988034,0.0029463050928988034,,,,"GCF_001553955.1 Moraxella osloensis strain=CCUG 350, ASM155395v1",/mnt/HDD/kia/HMP_reference/gtdb-rs207.genomic-reps.dna.k31.zip,d10b7ca2521fa6bfdeadbf2fd33e016d,0.037999224505622334,98000,15,1287000,,SRS019033.tar.bz2,d33c69a8,33262000
97000,0.0029162407552161627,0.04216600088770528,0.0028561120798508807,0.0028561120798508807,,,,"GCF_900186975.1 Cutibacterium granulosum strain=NCTC11865, 50569_F01",/mnt/HDD/kia/HMP_reference/gtdb-rs207.genomic-reps.dna.k31.zip,737acad50d16ca56da72f9d2a7ffd059,0.04305370616955171,95000,16,1192000,,SRS019033.tar.bz2,d33c69a8,33262000
682000,0.02050387829956106,0.04906666666666667,0.0027659190668029585,0.0027659190668029585,,,,"GCA_018371055.1 Finegoldia magna, ASM1837105v1",/mnt/HDD/kia/HMP_reference/gtdb-rs207.genomic-reps.dna.k31.zip,7163d7a47a812ed80cd4f50d9d96a4ae,0.36373333333333335,92000,17,1100000,,SRS019033.tar.bz2,d33c69a8,33262000
81000,0.002435211352293909,0.0202122283981809,0.002405147014611268,0.002405147014611268,,,,"GCF_009759685.1 Acinetobacter baumannii strain=ATCC 19606, ASM975968v1",/mnt/HDD/kia/HMP_reference/gtdb-rs207.genomic-reps.dna.k31.zip,a5ebf5627a166d02c647709674b0f412,0.020464881253158162,80000,18,1020000,,SRS019033.tar.bz2,d33c69a8,33262000
444000,0.013348565931092538,0.03388035997882478,0.0019241176116890145,0.0019241176116890145,,,,"GCA_910589545.1 Peptoniphilaceae bacterium, RUMC2-1.0",/mnt/HDD/kia/HMP_reference/gtdb-rs207.genomic-reps.dna.k31.zip,49b44c705fa5eb66c5918251ed1c8b94,0.23504499735309686,64000,19,956000,,SRS019033.tar.bz2,d33c69a8,33262000
58000,0.0017437315855931693,0.010526315789473684,0.0017437315855931693,0.0017437315855931693,,,,"GCF_013009555.1 Bacteroides dorei strain=DSM 17855, ASM1300955v1",/mnt/HDD/kia/HMP_reference/gtdb-rs207.genomic-reps.dna.k31.zip,f906f0ea3324bc6db880a742f3f0b0ba,0.010526315789473684,58000,20,898000,,SRS019033.tar.bz2,d33c69a8,33262000
57000,0.0017136672479105286,0.019970951343500364,0.0016535385725452469,0.0016535385725452469,,,,"GCA_900766185.1 uncultured Johnsonella sp., SRS335389_1",/mnt/HDD/kia/HMP_reference/gtdb-rs207.genomic-reps.dna.k31.zip,9275a861a3029a8625b2da144be3b3c2,0.020697167755991286,55000,21,843000,,SRS019033.tar.bz2,d33c69a8,33262000
58000,0.0017437315855931693,0.01572052401746725,0.001623474234862606,0.001623474234862606,,,,"GCF_011058205.1 Acinetobacter sp. GC2 strain=GC2, ASM1105820v1",/mnt/HDD/kia/HMP_reference/gtdb-rs207.genomic-reps.dna.k31.zip,68704c19a5f2d0df1203ebc8af113c71,0.016885007278020378,54000,22,789000,,SRS019033.tar.bz2,d33c69a8,33262000
338000,0.010161746136732607,0.027207392197125257,0.0015934098971799651,0.0015934098971799651,,,,"GCF_000010185.1 Finegoldia magna ATCC 29328 strain=ATCC 29328, ASM1018v1",/mnt/HDD/kia/HMP_reference/gtdb-rs207.genomic-reps.dna.k31.zip,27b134575f52cc87f9c58fcc5b167571,0.1735112936344969,53000,23,736000,,SRS019033.tar.bz2,d33c69a8,33262000
79000,0.0023750826769286274,0.022559652928416486,0.0015633455594973242,0.0015633455594973242,,,,"GCF_016127015.1 Corynebacterium tuberculostearicum strain=FDAARGOS_993, ASM1612701v1",/mnt/HDD/kia/HMP_reference/gtdb-rs207.genomic-reps.dna.k31.zip,74c4ea8211b98e35d7dda10fb5dc1861,0.03427331887201735,52000,24,684000,,SRS019033.tar.bz2,d33c69a8,33262000
214000,0.006433768264085142,0.023578363384188627,0.0015332812218146834,0.0015332812218146834,,,,"GCF_900128425.1 Anaerococcus urinomassiliensis strain=Marseille-P2143, PRJEB18044",/mnt/HDD/kia/HMP_reference/gtdb-rs207.genomic-reps.dna.k31.zip,d4d714f05261df7c7598ac47ea4c6223,0.09893666204345816,51000,25,633000,,SRS019033.tar.bz2,d33c69a8,33262000
50000,0.0015032168841320427,0.05917159763313609,0.0015032168841320427,0.0015032168841320427,,,,"GCA_900556745.1 uncultured Veillonellaceae bacterium, UMGS1964",/mnt/HDD/kia/HMP_reference/gtdb-rs207.genomic-reps.dna.k31.zip,8a024c9392affef5d2af21f5270e3290,0.05917159763313609,50000,26,583000,,SRS019033.tar.bz2,d33c69a8,33262000
