intersect_bp,f_orig_query,f_match,f_unique_to_query,f_unique_weighted,average_abund,median_abund,std_abund,name,filename,md5,f_match_orig,unique_intersect_bp,gather_result_rank,remaining_bp,query_filename,query_name,query_md5,query_bp
1532000,0.06067567032357717,0.6304526748971193,0.06067567032357717,0.06067567032357717,,,,"GCF_003030305.1 Cutibacterium acnes strain=ATCC 6919, ASM303030v1",/mnt/HDD/kia/HMP_reference/gtdb-rs207.genomic-reps.dna.k31.zip,ff021938b2e5aeb2c3d43194bd8f6fed,0.6304526748971193,1532000,0,9080000,,SRS017820.tar.bz2,3940dd02,25249000
1374000,0.054417996752346626,0.8751592356687898,0.054417996752346626,0.054417996752346626,,,,"GCA_003241315.1 Lawsonella clevelandensis, ASM324131v1",/mnt/HDD/kia/HMP_reference/gtdb-rs207.genomic-reps.dna.k31.zip,615e5c6c38f626bff2360eec57680c79,0.8751592356687898,1374000,1,7706000,,SRS017820.tar.bz2,3940dd02,25249000
1370000,0.05425957463661927,0.6230104592996817,0.05425957463661927,0.05425957463661927,,,,"GCF_001679005.1 Moraxella nonliquefaciens strain=CCUG 348, ASM167900v1",/mnt/HDD/kia/HMP_reference/gtdb-rs207.genomic-reps.dna.k31.zip,6be8f14666fc6f37947f0fa1e6c9b423,0.6230104592996817,1370000,2,6336000,,SRS017820.tar.bz2,3940dd02,25249000
1127000,0.04463543110618242,0.46780224345658494,0.044595825577250586,0.044595825577250586,,,,"GCF_000159115.1 Corynebacterium accolens ATCC 49725 strain=ATCC 49725, ASM15911v1",/mnt/HDD/kia/HMP_reference/gtdb-rs207.genomic-reps.dna.k31.zip,30fc14d53964d66f039fe9009573cee3,0.4682176983797258,1126000,3,5210000,,SRS017820.tar.bz2,3940dd02,25249000
1016000,0.040239217394748304,0.5594713656387665,0.040239217394748304,0.040239217394748304,,,,"GCF_000245815.1 Dolosigranulum pigrum ATCC 51524 strain=ATCC 51524, Dolo_pigr_ATCC_51524_V1",/mnt/HDD/kia/HMP_reference/gtdb-rs207.genomic-reps.dna.k31.zip,786730e4a7016d177710bc545c7918ca,0.5594713656387665,1016000,4,4194000,,SRS017820.tar.bz2,3940dd02,25249000
955000,0.037823280129906135,0.40431837425910244,0.037823280129906135,0.037823280129906135,,,,"GCF_006742205.1 Staphylococcus epidermidis strain=NBRC 100911, ASM674220v1",/mnt/HDD/kia/HMP_reference/gtdb-rs207.genomic-reps.dna.k31.zip,573514f3d349904ef56eb74c28c247d7,0.40431837425910244,955000,5,3239000,,SRS017820.tar.bz2,3940dd02,25249000
779000,0.03085270703790249,0.34104046242774566,0.030377440690720424,0.030377440690720424,,,,"GCF_000688415.1 Corynebacterium pseudodiphtheriticum DSM 44287 strain=DSM 44287, ASM68841v1",/mnt/HDD/kia/HMP_reference/gtdb-rs207.genomic-reps.dna.k31.zip,959fe9cdced42dc4a88ae7978625c47e,0.34637616718541575,767000,6,2472000,,SRS017820.tar.bz2,3940dd02,25249000
444000,0.017584854845736464,0.17664294683968187,0.01671353320923601,0.01671353320923601,,,,"GCF_900458815.1 Staphylococcus saccharolyticus strain=NCTC11807, 49699_H02",/mnt/HDD/kia/HMP_reference/gtdb-rs207.genomic-reps.dna.k31.zip,cbe91525a64613ad31f55ec533254ccf,0.18585182084554205,422000,7,2050000,,SRS017820.tar.bz2,3940dd02,25249000
790000,0.031288367856152716,0.16585760517799353,0.016238266862053943,0.016238266862053943,,,,"GCF_000478175.1 Corynebacterium sp. KPL1814 strain=KPL1814, Cory_sp_KPL1814_V1",/mnt/HDD/kia/HMP_reference/gtdb-rs207.genomic-reps.dna.k31.zip,4cde657a6de5dd95199d6e1d2ee0d378,0.31957928802589,410000,8,1640000,,SRS017820.tar.bz2,3940dd02,25249000
296000,0.01172323656382431,0.16334440753045404,0.01168363103489247,0.01168363103489247,,,,"GCF_900106515.1 Peptoniphilus lacydonensis strain=EL1, PRJEB16530",/mnt/HDD/kia/HMP_reference/gtdb-rs207.genomic-reps.dna.k31.zip,b4b406f34659b0ee300ff2dee0f6de99,0.1638981173864895,295000,9,1345000,,SRS017820.tar.bz2,3940dd02,25249000
184000,0.007287417323458355,0.09253246753246754,0.006772545447344449,0.006772545447344449,,,,"GCF_900445265.1 Anaerococcus octavius strain=NCTC9810, 51765_E01",/mnt/HDD/kia/HMP_reference/gtdb-rs207.genomic-reps.dna.k31.zip,241cbbfed00807dab6c63c4d320f3bbc,0.09956709956709957,171000,10,1174000,,SRS017820.tar.bz2,3940dd02,25249000
130000,0.005148718761139055,0.0626808100289296,0.005148718761139055,0.005148718761139055,,,,"GCF_002096755.1 Streptococcus mitis strain=RH_50275_09, ASM209675v1",/mnt/HDD/kia/HMP_reference/gtdb-rs207.genomic-reps.dna.k31.zip,b1a0b7cad189923faf01ee4fa5d930aa,0.0626808100289296,130000,11,1044000,,SRS017820.tar.bz2,3940dd02,25249000
112000,0.004435819240365955,0.04704837993786063,0.004198186066774922,0.004198186066774922,,,,"GCF_900186975.1 Cutibacterium granulosum strain=NCTC11865, 50569_F01",/mnt/HDD/kia/HMP_reference/gtdb-rs207.genomic-reps.dna.k31.zip,737acad50d16ca56da72f9d2a7ffd059,0.04971149578339991,106000,12,938000,,SRS017820.tar.bz2,3940dd02,25249000
110000,0.004356608182502278,0.0540115364446775,0.004079369479979405,0.004079369479979405,,,,"GCF_000159695.1 Finegoldia magna ATCC 53516 strain=ATCC 53516, ASM15969v1",/mnt/HDD/kia/HMP_reference/gtdb-rs207.genomic-reps.dna.k31.zip,a0a5f5260c65de59aa6cf6f2851e3b3a,0.05768222338751967,103000,13,835000,,SRS017820.tar.bz2,3940dd02,25249000
89000,0.003524892074933661,0.08294501397949673,0.003524892074933661,0.003524892074933661,,,,"GCA_003248485.1 Francisella sp., ASM324848v1",/mnt/HDD/kia/HMP_reference/gtdb-rs207.genomic-reps.dna.k31.zip,89e23aa6dc902099f68f4c95232a0111,0.08294501397949673,89000,14,746000,,SRS017820.tar.bz2,3940dd02,25249000
105000,0.004158580537843083,0.031426269137792104,0.003089231256683433,0.003089231256683433,,,,"GCF_002902325.1 Staphylococcus capitis subsp. capitis strain=NCTC 11045, ASM290232v1",/mnt/HDD/kia/HMP_reference/gtdb-rs207.genomic-reps.dna.k31.zip,ee650d57ebdb152533f91818a75ffcf6,0.04230459307010476,78000,15,668000,,SRS017820.tar.bz2,3940dd02,25249000
77000,0.003049625727751594,0.03456116416552979,0.0030100201988197553,0.0030100201988197553,,,,"GCF_000191405.1 Haemophilus parainfluenzae ATCC 33392 strain=ATCC 33392, ASM19140v1",/mnt/HDD/kia/HMP_reference/gtdb-rs207.genomic-reps.dna.k31.zip,fbfb9299b266913d2d2b6175ee509a88,0.035015916325602546,76000,16,592000,,SRS017820.tar.bz2,3940dd02,25249000
74000,0.0029308091409560775,0.03158344003414426,0.0029308091409560775,0.0029308091409560775,,,,"GCA_015259235.1 Alloprevotella sp., ASM1525923v1",/mnt/HDD/kia/HMP_reference/gtdb-rs207.genomic-reps.dna.k31.zip,47f304effd254e0f2030c3c824302efa,0.03158344003414426,74000,17,518000,,SRS017820.tar.bz2,3940dd02,25249000
239000,0.009465721414709494,0.018109380659181457,0.0019802764465919444,0.0019802764465919444,,,,"GCF_002027545.1 Moraxella lacunata strain=CCUG 4441, ASM202754v1",/mnt/HDD/kia/HMP_reference/gtdb-rs207.genomic-reps.dna.k31.zip,cc282b3c3e1f4a897642d9e6bdede76f,0.08656283955088737,50000,18,468000,,SRS017820.tar.bz2,3940dd02,25249000
