intersect_bp,f_orig_query,f_match,f_unique_to_query,f_unique_weighted,average_abund,median_abund,std_abund,name,filename,md5,f_match_orig,unique_intersect_bp,gather_result_rank,remaining_bp,query_filename,query_name,query_md5,query_bp
649000,0.04299721743739234,0.3523344191096634,0.04299721743739234,0.04299721743739234,,,,"GCF_001632285.1 Moraxella catarrhalis strain=CCUG 353, ASM163228v1",/mnt/HDD/kia/HMP_reference/gtdb-rs207.genomic-reps.dna.k31.zip,a1db4f14de60e60ca47d0c0930094f62,0.3523344191096634,649000,0,4780000,,SRS018463.tar.bz2,9cac3e35,15094000
624000,0.041340930170928845,0.25679012345679014,0.041340930170928845,0.041340930170928845,,,,"GCF_003030305.1 Cutibacterium acnes strain=ATCC 6919, ASM303030v1",/mnt/HDD/kia/HMP_reference/gtdb-rs207.genomic-reps.dna.k31.zip,ff021938b2e5aeb2c3d43194bd8f6fed,0.25679012345679014,624000,1,4156000,,SRS018463.tar.bz2,9cac3e35,15094000
388000,0.02570557837551345,0.17346481398476019,0.02563932688485491,0.02563932688485491,,,,"GCF_003044645.1 Neisseria subflava strain=C2011009653, ASM304464v1",/mnt/HDD/kia/HMP_reference/gtdb-rs207.genomic-reps.dna.k31.zip,a9a5b9e1db9e35167f3f2ae4d7965c56,0.17391304347826086,387000,2,3769000,,SRS018463.tar.bz2,9cac3e35,15094000
358000,0.023718033655757254,0.14873286248442044,0.023718033655757254,0.023718033655757254,,,,"GCF_000159115.1 Corynebacterium accolens ATCC 49725 strain=ATCC 49725, ASM15911v1",/mnt/HDD/kia/HMP_reference/gtdb-rs207.genomic-reps.dna.k31.zip,30fc14d53964d66f039fe9009573cee3,0.14873286248442044,358000,3,3411000,,SRS018463.tar.bz2,9cac3e35,15094000
260000,0.017225387571220354,0.116331096196868,0.017225387571220354,0.017225387571220354,,,,"GCF_002959775.1 Veillonella rogosae JCM 15642 strain=JCM 15642, ASM295977v1",/mnt/HDD/kia/HMP_reference/gtdb-rs207.genomic-reps.dna.k31.zip,feec846e832a1a83918fce73cf9e3977,0.116331096196868,260000,4,3151000,,SRS018463.tar.bz2,9cac3e35,15094000
202000,0.013382801113025044,0.0871498443752779,0.012985292169073804,0.012985292169073804,,,,"GCF_000688415.1 Corynebacterium pseudodiphtheriticum DSM 44287 strain=DSM 44287, ASM68841v1",/mnt/HDD/kia/HMP_reference/gtdb-rs207.genomic-reps.dna.k31.zip,959fe9cdced42dc4a88ae7978625c47e,0.08981769675411294,196000,5,2955000,,SRS018463.tar.bz2,9cac3e35,15094000
189000,0.012521531734464025,0.09645972293483839,0.012455280243805485,0.012455280243805485,,,,"GCF_014931275.1 Haemophilus parainfluenzae strain=M1C160_1, ASM1493127v1",/mnt/HDD/kia/HMP_reference/gtdb-rs207.genomic-reps.dna.k31.zip,90ed85567504e269bdef87c296aa46c1,0.0969728065674705,188000,6,2767000,,SRS018463.tar.bz2,9cac3e35,15094000
380000,0.02517556645024513,0.08294283036551078,0.011726513846561547,0.011726513846561547,,,,"GCF_001656295.1 Moraxella catarrhalis strain=Z7574, ASM165629v1",/mnt/HDD/kia/HMP_reference/gtdb-rs207.genomic-reps.dna.k31.zip,c5d4462877136a3c39d1b5b0224ab3e3,0.1780693533270853,177000,7,2590000,,SRS018463.tar.bz2,9cac3e35,15094000
172000,0.01139525639326885,0.07985143918291551,0.01139525639326885,0.01139525639326885,,,,"GCF_014647755.1 Porphyromonas pasteri strain=JCM 30531, ASM1464775v1",/mnt/HDD/kia/HMP_reference/gtdb-rs207.genomic-reps.dna.k31.zip,2a81c1b7e89daa651c5a51bffe9edaf9,0.07985143918291551,172000,8,2418000,,SRS018463.tar.bz2,9cac3e35,15094000
168000,0.011130250430634689,0.05324881141045959,0.011130250430634689,0.011130250430634689,,,,"GCF_000144405.1 Prevotella melaninogenica ATCC 25845 strain=ATCC 25845, ASM14440v1",/mnt/HDD/kia/HMP_reference/gtdb-rs207.genomic-reps.dna.k31.zip,33345282ddecaefe1682f1bd43bc7ffe,0.05324881141045959,168000,9,2250000,,SRS018463.tar.bz2,9cac3e35,15094000
158000,0.01046773552404929,0.06689246401354784,0.01046773552404929,0.01046773552404929,,,,"GCF_006742205.1 Staphylococcus epidermidis strain=NBRC 100911, ASM674220v1",/mnt/HDD/kia/HMP_reference/gtdb-rs207.genomic-reps.dna.k31.zip,573514f3d349904ef56eb74c28c247d7,0.06689246401354784,158000,10,2092000,,SRS018463.tar.bz2,9cac3e35,15094000
378000,0.02504306346892805,0.06927175843694494,0.010335232542732211,0.010335232542732211,,,,"GCF_001618065.1 Neisseria flavescens strain=CD-NF2, ASM161806v1",/mnt/HDD/kia/HMP_reference/gtdb-rs207.genomic-reps.dna.k31.zip,fca1a73b4d76b4c7468543cb2eabcf8d,0.16785079928952043,156000,11,1936000,,SRS018463.tar.bz2,9cac3e35,15094000
139000,0.009208957201537034,0.059278350515463915,0.009142705710878494,0.009142705710878494,,,,"GCF_000163935.1 Fusobacterium periodonticum 1_1_41FAA strain=1_1_41FAA, ASM16393v1",/mnt/HDD/kia/HMP_reference/gtdb-rs207.genomic-reps.dna.k31.zip,4e9d290c03e346fffb0c084f37f71b04,0.05970790378006873,138000,12,1798000,,SRS018463.tar.bz2,9cac3e35,15094000
273000,0.01808665694978137,0.05299352750809062,0.008678945276268717,0.008678945276268717,,,,"GCF_000478175.1 Corynebacterium sp. KPL1814 strain=KPL1814, Cory_sp_KPL1814_V1",/mnt/HDD/kia/HMP_reference/gtdb-rs207.genomic-reps.dna.k31.zip,4cde657a6de5dd95199d6e1d2ee0d378,0.1104368932038835,131000,13,1667000,,SRS018463.tar.bz2,9cac3e35,15094000
128000,0.008480190804293096,0.08025477707006369,0.008347687822976017,0.008347687822976017,,,,"GCA_003241315.1 Lawsonella clevelandensis, ASM324131v1",/mnt/HDD/kia/HMP_reference/gtdb-rs207.genomic-reps.dna.k31.zip,615e5c6c38f626bff2360eec57680c79,0.08152866242038216,126000,14,1541000,,SRS018463.tar.bz2,9cac3e35,15094000
107000,0.007088909500463761,0.04526226734348562,0.007088909500463761,0.007088909500463761,,,,"GCA_015257125.1 Prevotellaceae bacterium, ASM1525712v1",/mnt/HDD/kia/HMP_reference/gtdb-rs207.genomic-reps.dna.k31.zip,9a071a8761386fdbde6bc084f9b025ee,0.04526226734348562,107000,15,1434000,,SRS018463.tar.bz2,9cac3e35,15094000
346000,0.022923015767854778,0.041648007165248545,0.006161388631244203,0.006161388631244203,,,,"GCF_001618015.1 Neisseria flavescens strain=CD-NF1, ASM161801v1",/mnt/HDD/kia/HMP_reference/gtdb-rs207.genomic-reps.dna.k31.zip,22d0f8f1d25f49937ad777e30f7c0412,0.154948499776086,93000,16,1341000,,SRS018463.tar.bz2,9cac3e35,15094000
90000,0.005962634159268583,0.03301707779886148,0.005763879687292964,0.005763879687292964,,,,"GCF_000379965.1 Prevotella nanceiensis DSM 19126 = JCM 15639 strain=DSM 19126, ASM37996v1",/mnt/HDD/kia/HMP_reference/gtdb-rs207.genomic-reps.dna.k31.zip,9f7c7166733a37cfb1e643e24eb58fcb,0.03415559772296015,87000,17,1254000,,SRS018463.tar.bz2,9cac3e35,15094000
76000,0.005035113290049026,0.034026465028355386,0.004770107327414867,0.004770107327414867,,,,"GCA_018376445.1 Corynebacteriales bacterium, ASM1837644v1",/mnt/HDD/kia/HMP_reference/gtdb-rs207.genomic-reps.dna.k31.zip,6c8b1f14a29f4273034e0af0b66104c7,0.035916824196597356,72000,18,1182000,,SRS018463.tar.bz2,9cac3e35,15094000
172000,0.01139525639326885,0.03444929645803008,0.004703855836756327,0.004703855836756327,,,,"GCF_001679485.1 Haemophilus sp. CCUG 60358 strain=CCUG 60358, ASM167948v1",/mnt/HDD/kia/HMP_reference/gtdb-rs207.genomic-reps.dna.k31.zip,b62e96270f704e462d52d4757cb76ced,0.08345463367297429,71000,19,1111000,,SRS018463.tar.bz2,9cac3e35,15094000
63000,0.004173843911488008,0.026559865092748734,0.004173843911488008,0.004173843911488008,,,,"GCA_902373545.1 uncultured Actinomyces sp., MGYG-HGUT-01285",/mnt/HDD/kia/HMP_reference/gtdb-rs207.genomic-reps.dna.k31.zip,4b53f31fad140e2cc45d431cb2803eeb,0.026559865092748734,63000,20,1048000,,SRS018463.tar.bz2,9cac3e35,15094000
62000,0.004107592420829469,0.034140969162995596,0.004107592420829469,0.004107592420829469,,,,"GCF_900095845.1 Streptococcus timonensis strain=Marseille-P2915, PRJEB15309",/mnt/HDD/kia/HMP_reference/gtdb-rs207.genomic-reps.dna.k31.zip,611d4d53dd45713dfc75c32bd8284ab9,0.034140969162995596,62000,21,986000,,SRS018463.tar.bz2,9cac3e35,15094000
59000,0.003908837948853849,0.03211517165005537,0.003842586458195309,0.003842586458195309,,,,"GCF_900106515.1 Peptoniphilus lacydonensis strain=EL1, PRJEB16530",/mnt/HDD/kia/HMP_reference/gtdb-rs207.genomic-reps.dna.k31.zip,b4b406f34659b0ee300ff2dee0f6de99,0.032668881506090805,58000,22,928000,,SRS018463.tar.bz2,9cac3e35,15094000
58000,0.003842586458195309,0.016174801362088535,0.0037763349675367696,0.0037763349675367696,,,,"GCF_000613445.1 Prevotella shahii DSM 15611 = JCM 12083 strain=JCM 12083, ASM61344v1",/mnt/HDD/kia/HMP_reference/gtdb-rs207.genomic-reps.dna.k31.zip,927a443f638861aea914b9c26b38bdb5,0.016458569807037457,57000,23,871000,,SRS018463.tar.bz2,9cac3e35,15094000
386000,0.02557307539419637,0.025560538116591928,0.0037763349675367696,0.0037763349675367696,,,,"GCF_003351665.1 Neisseria subflava strain=M18660, ASM335166v1",/mnt/HDD/kia/HMP_reference/gtdb-rs207.genomic-reps.dna.k31.zip,516c882cbc8170614a6d64de4ff4fba1,0.17309417040358743,57000,24,814000,,SRS018463.tar.bz2,9cac3e35,15094000
58000,0.003842586458195309,0.018451400329489293,0.00371008347687823,0.00371008347687823,,,,"GCF_000220255.1 Prevotella pallens ATCC 700821 strain=ATCC 700821, ASM22025v1",/mnt/HDD/kia/HMP_reference/gtdb-rs207.genomic-reps.dna.k31.zip,ae975e88c05929ca5d0da00e93b1b561,0.019110378912685338,56000,25,758000,,SRS018463.tar.bz2,9cac3e35,15094000
119000,0.007883927388366237,0.025974025974025976,0.00357758049556115,0.00357758049556115,,,,"GCF_013393365.1 Veillonella sp. T1-7 strain=T1-7, ASM1339336v1",/mnt/HDD/kia/HMP_reference/gtdb-rs207.genomic-reps.dna.k31.zip,8d385d4c2fd4ec420452a24991b7935d,0.05723905723905724,54000,26,704000,,SRS018463.tar.bz2,9cac3e35,15094000
122000,0.008082681860341858,0.020646669263731984,0.00351132900490261,0.00351132900490261,,,,"GCF_002763915.1 Fusobacterium pseudoperiodonticum strain=KCOM 1262, ASM276391v1",/mnt/HDD/kia/HMP_reference/gtdb-rs207.genomic-reps.dna.k31.zip,721f0b8d1f9364b1922999b37caa723b,0.04752629528632645,53000,27,651000,,SRS018463.tar.bz2,9cac3e35,15094000
55000,0.00364383198621969,0.023524189968930315,0.00351132900490261,0.00351132900490261,,,,"GCF_900186975.1 Cutibacterium granulosum strain=NCTC11865, 50569_F01",/mnt/HDD/kia/HMP_reference/gtdb-rs207.genomic-reps.dna.k31.zip,737acad50d16ca56da72f9d2a7ffd059,0.024411895250776743,53000,28,598000,,SRS018463.tar.bz2,9cac3e35,15094000
