intersect_bp,f_orig_query,f_match,f_unique_to_query,f_unique_weighted,average_abund,median_abund,std_abund,name,filename,md5,f_match_orig,unique_intersect_bp,gather_result_rank,remaining_bp,query_filename,query_name,query_md5,query_bp
2419000,0.013988966123454506,0.9954732510288066,0.013988966123454506,0.013988966123454506,,,,"GCF_003030305.1 Cutibacterium acnes strain=ATCC 6919, ASM303030v1",/mnt/HDD/kia/HMP_reference/gtdb-rs207.genomic-reps.dna.k31.zip,ff021938b2e5aeb2c3d43194bd8f6fed,0.9954732510288066,2419000,0,10090000,,SRS024596.tar.bz2,e1a75989,172922000
2228000,0.012884421878072195,0.9432684165961049,0.012884421878072195,0.012884421878072195,,,,"GCF_006742205.1 Staphylococcus epidermidis strain=NBRC 100911, ASM674220v1",/mnt/HDD/kia/HMP_reference/gtdb-rs207.genomic-reps.dna.k31.zip,573514f3d349904ef56eb74c28c247d7,0.9432684165961049,2228000,1,7862000,,SRS024596.tar.bz2,e1a75989,172922000
1968000,0.011380853795352818,0.7775987107171636,0.011161101537109216,0.011161101537109216,,,,"GCF_002902325.1 Staphylococcus capitis subsp. capitis strain=NCTC 11045, ASM290232v1",/mnt/HDD/kia/HMP_reference/gtdb-rs207.genomic-reps.dna.k31.zip,ee650d57ebdb152533f91818a75ffcf6,0.7929089443996776,1930000,2,5932000,,SRS024596.tar.bz2,e1a75989,172922000
1512000,0.008743826696429605,0.6679982245894364,0.008703346017279467,0.008703346017279467,,,,"GCF_900186975.1 Cutibacterium granulosum strain=NCTC11865, 50569_F01",/mnt/HDD/kia/HMP_reference/gtdb-rs207.genomic-reps.dna.k31.zip,737acad50d16ca56da72f9d2a7ffd059,0.6711051930758988,1505000,3,4427000,,SRS024596.tar.bz2,e1a75989,172922000
1375000,0.007951561975919778,0.8757961783439491,0.007951561975919778,0.007951561975919778,,,,"GCA_003241315.1 Lawsonella clevelandensis, ASM324131v1",/mnt/HDD/kia/HMP_reference/gtdb-rs207.genomic-reps.dna.k31.zip,615e5c6c38f626bff2360eec57680c79,0.8757961783439491,1375000,4,3052000,,SRS024596.tar.bz2,e1a75989,172922000
1051000,0.006077884826684863,0.5687229437229437,0.006077884826684863,0.006077884826684863,,,,"GCF_900445265.1 Anaerococcus octavius strain=NCTC9810, 51765_E01",/mnt/HDD/kia/HMP_reference/gtdb-rs207.genomic-reps.dna.k31.zip,241cbbfed00807dab6c63c4d320f3bbc,0.5687229437229437,1051000,5,2001000,,SRS024596.tar.bz2,e1a75989,172922000
1084000,0.006268722314106938,0.38143459915611816,0.005227790564531986,0.005227790564531986,,,,"GCF_001642025.1 [Propionibacterium] namnetense strain=NTS 31307302, ASM164202v1",/mnt/HDD/kia/HMP_reference/gtdb-rs207.genomic-reps.dna.k31.zip,ddeb72b30b6fb2c315bf4b2a7aa36fd8,0.4573839662447257,904000,6,1097000,,SRS024596.tar.bz2,e1a75989,172922000
250000,0.0014457385410763235,0.12485549132947976,0.0012491180994899434,0.0012491180994899434,,,,"GCF_017874535.1 Anaerococcus nagyae strain=DSM 101193, ASM1787453v1",/mnt/HDD/kia/HMP_reference/gtdb-rs207.genomic-reps.dna.k31.zip,097b61e5c11b96a706fcb29cfbeca564,0.14450867052023122,216000,7,881000,,SRS024596.tar.bz2,e1a75989,172922000
246000,0.0014226067244191023,0.05489897064430042,0.0008327453996599623,0.0008327453996599623,,,,"GCF_008326345.1 Cutibacterium sp. M12 strain=M12, ASM832634v1",/mnt/HDD/kia/HMP_reference/gtdb-rs207.genomic-reps.dna.k31.zip,9a7d83510c12b8ec999fdb0e9d4cad82,0.09378574151734655,144000,8,737000,,SRS024596.tar.bz2,e1a75989,172922000
129000,0.0007460010871953829,0.047619047619047616,0.0006129931414163611,0.0006129931414163611,,,,"GCF_002901845.1 Staphylococcus hominis subsp. hominis strain=NCTC 11320, ASM290184v1",/mnt/HDD/kia/HMP_reference/gtdb-rs207.genomic-reps.dna.k31.zip,cf64854f163f18d453b3a5ae77843e92,0.057951482479784364,106000,9,631000,,SRS024596.tar.bz2,e1a75989,172922000
90000,0.0005204658747874764,0.034841810172206646,0.0005031170122945605,0.0005031170122945605,,,,"GCF_013978595.1 Corynebacterium haemomassiliense strain=Marseille-Q3615, ASM1397859v1",/mnt/HDD/kia/HMP_reference/gtdb-rs207.genomic-reps.dna.k31.zip,0a9fec763222a6452b83f963b957447f,0.03604325190228274,87000,10,544000,,SRS024596.tar.bz2,e1a75989,172922000
76000,0.0004395045164872023,0.015637860082304528,0.0004395045164872023,0.0004395045164872023,,,,"GCF_002197815.1 Pseudomonas oleovorans subsp. oleovorans strain=DSM 1045, ASM219781v1",/mnt/HDD/kia/HMP_reference/gtdb-rs207.genomic-reps.dna.k31.zip,c3934963a0c91f7d14e718c2e3ca4b1e,0.015637860082304528,76000,11,468000,,SRS024596.tar.bz2,e1a75989,172922000
62000,0.0003585431581869282,0.03289124668435013,0.0003585431581869282,0.0003585431581869282,,,,"GCF_005144795.1 Streptococcus mitis strain=ColumbLawn, ASM514479v1",/mnt/HDD/kia/HMP_reference/gtdb-rs207.genomic-reps.dna.k31.zip,4b354bc6137e1e2166496b77d08d0d60,0.03289124668435013,62000,12,406000,,SRS024596.tar.bz2,e1a75989,172922000
56000,0.00032384543320109643,0.021341463414634148,0.00032384543320109643,0.00032384543320109643,,,,"GCA_001067655.1 Neisseria lactamica strain=919_NLAC, ASM106765v1",/mnt/HDD/kia/HMP_reference/gtdb-rs207.genomic-reps.dna.k31.zip,310915e0d251b78084d9dc704dbabc48,0.021341463414634148,56000,13,350000,,SRS024596.tar.bz2,e1a75989,172922000
