intersect_bp,f_orig_query,f_match,f_unique_to_query,f_unique_weighted,average_abund,median_abund,std_abund,name,filename,md5,f_match_orig,unique_intersect_bp,gather_result_rank,remaining_bp,query_filename,query_name,query_md5,query_bp
1785000,0.06497524752475248,0.7345679012345679,0.06497524752475248,0.06497524752475248,,,,"GCF_003030305.1 Cutibacterium acnes strain=ATCC 6919, ASM303030v1",/mnt/HDD/kia/HMP_reference/gtdb-rs207.genomic-reps.dna.k31.zip,ff021938b2e5aeb2c3d43194bd8f6fed,0.7345679012345679,1785000,0,6692000,,SRS019119.tar.bz2,6a4095ca,27472000
1394000,0.050742574257425746,0.8878980891719745,0.050742574257425746,0.050742574257425746,,,,"GCA_003241315.1 Lawsonella clevelandensis, ASM324131v1",/mnt/HDD/kia/HMP_reference/gtdb-rs207.genomic-reps.dna.k31.zip,615e5c6c38f626bff2360eec57680c79,0.8878980891719745,1394000,1,5298000,,SRS019119.tar.bz2,6a4095ca,27472000
864000,0.0314502038439138,0.31429610767551835,0.0314502038439138,0.0314502038439138,,,,"GCF_001027105.1 Staphylococcus aureus subsp. aureus DSM 20231 strain=DSM 20231, ASM102710v1",/mnt/HDD/kia/HMP_reference/gtdb-rs207.genomic-reps.dna.k31.zip,185d23ed7456f793b36f5c5f7f0a4c80,0.31429610767551835,864000,2,4434000,,SRS019119.tar.bz2,6a4095ca,27472000
603000,0.02194962143273151,0.19831223628691982,0.017108328479906815,0.017108328479906815,,,,"GCF_001642025.1 [Propionibacterium] namnetense strain=NTS 31307302, ASM164202v1",/mnt/HDD/kia/HMP_reference/gtdb-rs207.genomic-reps.dna.k31.zip,ddeb72b30b6fb2c315bf4b2a7aa36fd8,0.25443037974683547,470000,3,3964000,,SRS019119.tar.bz2,6a4095ca,27472000
472000,0.01718112987769365,0.19729043183742592,0.01696272568433314,0.01696272568433314,,,,"GCF_006742205.1 Staphylococcus epidermidis strain=NBRC 100911, ASM674220v1",/mnt/HDD/kia/HMP_reference/gtdb-rs207.genomic-reps.dna.k31.zip,573514f3d349904ef56eb74c28c247d7,0.19983065198983913,466000,4,3498000,,SRS019119.tar.bz2,6a4095ca,27472000
422000,0.015361094933022713,0.16990291262135923,0.015288293535235876,0.015288293535235876,,,,"GCF_000478175.1 Corynebacterium sp. KPL1814 strain=KPL1814, Cory_sp_KPL1814_V1",/mnt/HDD/kia/HMP_reference/gtdb-rs207.genomic-reps.dna.k31.zip,4cde657a6de5dd95199d6e1d2ee0d378,0.17071197411003236,420000,5,3078000,,SRS019119.tar.bz2,6a4095ca,27472000
388000,0.014123471170646476,0.14867042707493958,0.01343185789167152,0.01343185789167152,,,,"GCF_002902325.1 Staphylococcus capitis subsp. capitis strain=NCTC 11045, ASM290232v1",/mnt/HDD/kia/HMP_reference/gtdb-rs207.genomic-reps.dna.k31.zip,ee650d57ebdb152533f91818a75ffcf6,0.1563255439161966,369000,6,2709000,,SRS019119.tar.bz2,6a4095ca,27472000
352000,0.0128130460104834,0.12784859018926226,0.012048631333721608,0.012048631333721608,,,,"GCF_002154655.1 Corynebacterium kefirresidentii strain=SB, ASM215465v1",/mnt/HDD/kia/HMP_reference/gtdb-rs207.genomic-reps.dna.k31.zip,6a7c544dce2b6d683a1acb703e969a91,0.13595983005021245,331000,7,2378000,,SRS019119.tar.bz2,6a4095ca,27472000
311000,0.011320617355853232,0.14995178399228543,0.011320617355853232,0.011320617355853232,,,,"GCF_002096755.1 Streptococcus mitis strain=RH_50275_09, ASM209675v1",/mnt/HDD/kia/HMP_reference/gtdb-rs207.genomic-reps.dna.k31.zip,b1a0b7cad189923faf01ee4fa5d930aa,0.14995178399228543,311000,8,2067000,,SRS019119.tar.bz2,6a4095ca,27472000
151000,0.005496505532906232,0.07146237576904875,0.005496505532906232,0.005496505532906232,,,,"GCF_003252755.1 Haemophilus parainfluenzae strain=C2006002596, ASM325275v1",/mnt/HDD/kia/HMP_reference/gtdb-rs207.genomic-reps.dna.k31.zip,3e8fd94fed6765b59ed6454114bdcb94,0.07146237576904875,151000,9,1916000,,SRS019119.tar.bz2,6a4095ca,27472000
305000,0.01110221316249272,0.07912087912087912,0.0052417006406523005,0.0052417006406523005,,,,"GCF_000148585.2 Streptococcus mitis NCTC 12261 strain=NCTC 12261, ASM14858v3",/mnt/HDD/kia/HMP_reference/gtdb-rs207.genomic-reps.dna.k31.zip,132bcfa0362d0f418241e6dc4c1f77c0,0.16758241758241757,144000,10,1772000,,SRS019119.tar.bz2,6a4095ca,27472000
144000,0.0052417006406523005,0.06985832926233512,0.005205299941758882,0.005205299941758882,,,,"GCF_002014765.1 Moraxella lincolnii strain=CCUG 9405, ASM201476v1",/mnt/HDD/kia/HMP_reference/gtdb-rs207.genomic-reps.dna.k31.zip,db5a0edfe7cf62d2cadd7ca7c2113ab0,0.07034684904738642,143000,11,1629000,,SRS019119.tar.bz2,6a4095ca,27472000
103000,0.0037492719860221318,0.04396073410157917,0.0037492719860221318,0.0037492719860221318,,,,"GCA_015259235.1 Alloprevotella sp., ASM1525923v1",/mnt/HDD/kia/HMP_reference/gtdb-rs207.genomic-reps.dna.k31.zip,47f304effd254e0f2030c3c824302efa,0.04396073410157917,103000,12,1526000,,SRS019119.tar.bz2,6a4095ca,27472000
270000,0.009828188701223064,0.04902451225612806,0.0035672684915550377,0.0035672684915550377,,,,"GCF_000148525.1 Streptococcus mitis SK564 strain=SK564, ASM14852v1",/mnt/HDD/kia/HMP_reference/gtdb-rs207.genomic-reps.dna.k31.zip,0f1a1f1e70eede4516aba98a34c12900,0.13506753376688344,98000,13,1428000,,SRS019119.tar.bz2,6a4095ca,27472000
252000,0.009172976121141527,0.03404255319148936,0.0026208503203261502,0.0026208503203261502,,,,"GCF_000722695.1 Streptococcus mitis strain=SK629, ASM72269v1",/mnt/HDD/kia/HMP_reference/gtdb-rs207.genomic-reps.dna.k31.zip,773259821c27e85c4cd225003d1d1ae2,0.11914893617021277,72000,14,1356000,,SRS019119.tar.bz2,6a4095ca,27472000
72000,0.0026208503203261502,0.03016338500209468,0.0026208503203261502,0.0026208503203261502,,,,"GCF_000163055.2 Prevotella sp. oral taxon 299 str. F0039 strain=F0039, ASM16305v2",/mnt/HDD/kia/HMP_reference/gtdb-rs207.genomic-reps.dna.k31.zip,681949734b74cf01a40bfdf63287486d,0.03016338500209468,72000,15,1284000,,SRS019119.tar.bz2,6a4095ca,27472000
211000,0.007680547466511357,0.028250934773577065,0.0024752475247524753,0.0024752475247524753,,,,"GCF_000159115.1 Corynebacterium accolens ATCC 49725 strain=ATCC 49725, ASM15911v1",/mnt/HDD/kia/HMP_reference/gtdb-rs207.genomic-reps.dna.k31.zip,30fc14d53964d66f039fe9009573cee3,0.08766098878271708,68000,16,1216000,,SRS019119.tar.bz2,6a4095ca,27472000
145000,0.005278101339545719,0.03187837175085827,0.002366045428072219,0.002366045428072219,,,,"GCF_002386345.1 Streptococcus oralis strain=FDAARGOS_367, ASM238634v1",/mnt/HDD/kia/HMP_reference/gtdb-rs207.genomic-reps.dna.k31.zip,574c99593e991dd13455614261fa499f,0.07111329082883766,65000,17,1151000,,SRS019119.tar.bz2,6a4095ca,27472000
70000,0.0025480489225393125,0.02796271637816245,0.0022932440302853817,0.0022932440302853817,,,,"GCF_900186975.1 Cutibacterium granulosum strain=NCTC11865, 50569_F01",/mnt/HDD/kia/HMP_reference/gtdb-rs207.genomic-reps.dna.k31.zip,737acad50d16ca56da72f9d2a7ffd059,0.031069684864624945,63000,18,1088000,,SRS019119.tar.bz2,6a4095ca,27472000
60000,0.0021840419336051253,0.02203856749311295,0.0020384391380314504,0.0020384391380314504,,,,"GCA_003243515.1 Corynebacterium kroppenstedtii, ASM324351v1",/mnt/HDD/kia/HMP_reference/gtdb-rs207.genomic-reps.dna.k31.zip,49a5ff53d175fd9e116696b19f228318,0.023612750885478158,56000,19,1032000,,SRS019119.tar.bz2,6a4095ca,27472000
99000,0.003603669190448457,0.028481012658227847,0.0019656377402446127,0.0019656377402446127,,,,"GCA_905207935.1 uncultured Haemophilus sp., SRR413574-mag-bin.5",/mnt/HDD/kia/HMP_reference/gtdb-rs207.genomic-reps.dna.k31.zip,34dde6ad5dd3664dc9a639f81581c29c,0.05221518987341772,54000,20,978000,,SRS019119.tar.bz2,6a4095ca,27472000
259000,0.009427781013395458,0.026069847515986226,0.001929237041351194,0.001929237041351194,,,,"GCF_002096845.1 Streptococcus mitis strain=OD_317805_11, ASM209684v1",/mnt/HDD/kia/HMP_reference/gtdb-rs207.genomic-reps.dna.k31.zip,2082248b95015786e224f2b776c4df72,0.12739793408755534,53000,21,925000,,SRS019119.tar.bz2,6a4095ca,27472000
