intersect_bp,f_orig_query,f_match,f_unique_to_query,f_unique_weighted,average_abund,median_abund,std_abund,name,filename,md5,f_match_orig,unique_intersect_bp,gather_result_rank,remaining_bp,query_filename,query_name,query_md5,query_bp
2419000,0.030261709367493995,0.9954732510288066,0.030261709367493995,0.030261709367493995,,,,"GCF_003030305.1 Cutibacterium acnes strain=ATCC 6919, ASM303030v1",/mnt/HDD/kia/HMP_reference/gtdb-rs207.genomic-reps.dna.k31.zip,ff021938b2e5aeb2c3d43194bd8f6fed,0.9954732510288066,2419000,0,5258000,,SRS046688.tar.bz2,8a1e273d,79936000
951000,0.011897017614091274,0.33122362869198313,0.009820356285028023,0.009820356285028023,,,,"GCF_001642025.1 [Propionibacterium] namnetense strain=NTS 31307302, ASM164202v1",/mnt/HDD/kia/HMP_reference/gtdb-rs207.genomic-reps.dna.k31.zip,ddeb72b30b6fb2c315bf4b2a7aa36fd8,0.4012658227848101,785000,1,4473000,,SRS046688.tar.bz2,8a1e273d,79936000
750000,0.009382506004803844,0.31752751905165116,0.009382506004803844,0.009382506004803844,,,,"GCF_006742205.1 Staphylococcus epidermidis strain=NBRC 100911, ASM674220v1",/mnt/HDD/kia/HMP_reference/gtdb-rs207.genomic-reps.dna.k31.zip,573514f3d349904ef56eb74c28c247d7,0.31752751905165116,750000,2,3723000,,SRS046688.tar.bz2,8a1e273d,79936000
714000,0.008932145716573258,0.42323651452282157,0.008932145716573258,0.008932145716573258,,,,"GCF_001042655.1 Gardnerella vaginalis ATCC 14018 = JCM 11026 strain=JCM 11026, ASM104265v1",/mnt/HDD/kia/HMP_reference/gtdb-rs207.genomic-reps.dna.k31.zip,7c2bc6624dc89657447afc0395aec324,0.42323651452282157,714000,3,3009000,,SRS046688.tar.bz2,8a1e273d,79936000
602000,0.0075310248198558844,0.3834019204389575,0.006993094475580464,0.006993094475580464,,,,"GCF_000263635.1 Gardnerella vaginalis 00703Dmash strain=00703Dmash, ASM26363v1",/mnt/HDD/kia/HMP_reference/gtdb-rs207.genomic-reps.dna.k31.zip,bf99c391884bc2878bb3f3815e5782e7,0.41289437585733885,559000,4,2450000,,SRS046688.tar.bz2,8a1e273d,79936000
292000,0.0036529223378702963,0.12728857890148212,0.0036529223378702963,0.0036529223378702963,,,,"GCF_000769075.1 Porphyromonas sp. COT-290 OH3588 strain=COT-290 OH3588, ASM76907v1",/mnt/HDD/kia/HMP_reference/gtdb-rs207.genomic-reps.dna.k31.zip,eb6d66639feca4a1b19cffb2b189163e,0.12728857890148212,292000,5,2158000,,SRS046688.tar.bz2,8a1e273d,79936000
275000,0.003440252201761409,0.10715780661364588,0.0032025620496397116,0.0032025620496397116,,,,"GCF_900458815.1 Staphylococcus saccharolyticus strain=NCTC11807, 49699_H02",/mnt/HDD/kia/HMP_reference/gtdb-rs207.genomic-reps.dna.k31.zip,cbe91525a64613ad31f55ec533254ccf,0.11511092507325241,256000,6,1902000,,SRS046688.tar.bz2,8a1e273d,79936000
217000,0.002714671737389912,0.13694267515923567,0.0026896517213771017,0.0026896517213771017,,,,"GCA_003241315.1 Lawsonella clevelandensis, ASM324131v1",/mnt/HDD/kia/HMP_reference/gtdb-rs207.genomic-reps.dna.k31.zip,615e5c6c38f626bff2360eec57680c79,0.13821656050955414,215000,7,1687000,,SRS046688.tar.bz2,8a1e273d,79936000
158000,0.0019765812650120096,0.11746758199847444,0.001926541232986389,0.001926541232986389,,,,"GCF_000160875.1 Lactobacillus iners DSM 13335 strain=DSM 13335, ASM16087v1",/mnt/HDD/kia/HMP_reference/gtdb-rs207.genomic-reps.dna.k31.zip,a3c06acfd6e434dfc80d4cff3cf45af5,0.12051868802440885,154000,8,1533000,,SRS046688.tar.bz2,8a1e273d,79936000
154000,0.001926541232986389,0.09271523178807947,0.001926541232986389,0.001926541232986389,,,,"GCF_000214495.1 Megasphaera sp. UPII 199-6 strain=UPII 199-6, ASM21449v1",/mnt/HDD/kia/HMP_reference/gtdb-rs207.genomic-reps.dna.k31.zip,f366d51426cb65e759da098846a62a64,0.09271523178807947,154000,9,1379000,,SRS046688.tar.bz2,8a1e273d,79936000
137000,0.001713871096877502,0.06159420289855073,0.0017013610888710969,0.0017013610888710969,,,,"GCF_000769115.1 Porphyromonas canoris strain=COT-108 OH2762, ASM76911v1",/mnt/HDD/kia/HMP_reference/gtdb-rs207.genomic-reps.dna.k31.zip,a443c0a2e5745fe8f7389d345df7f009,0.06204710144927536,136000,10,1243000,,SRS046688.tar.bz2,8a1e273d,79936000
230000,0.0028773018414731785,0.05146778497903164,0.0016888510808646918,0.0016888510808646918,,,,"GCF_008326345.1 Cutibacterium sp. M12 strain=M12, ASM832634v1",/mnt/HDD/kia/HMP_reference/gtdb-rs207.genomic-reps.dna.k31.zip,9a7d83510c12b8ec999fdb0e9d4cad82,0.08768585589020206,135000,11,1108000,,SRS046688.tar.bz2,8a1e273d,79936000
136000,0.0017013610888710969,0.09403508771929825,0.0016763410728582867,0.0016763410728582867,,,,"GCF_000159235.2 Atopobium vaginae DSM 15829 strain=DSM 15829, ASM15923v2",/mnt/HDD/kia/HMP_reference/gtdb-rs207.genomic-reps.dna.k31.zip,67a03d8729dc38c0afae7ef63072e014,0.09543859649122807,134000,12,974000,,SRS046688.tar.bz2,8a1e273d,79936000
136000,0.0017013610888710969,0.054805725971370144,0.0016763410728582867,0.0016763410728582867,,,,"GCF_900638305.1 Porphyromonas cangingivalis strain=NCTC12856, 57043_C01",/mnt/HDD/kia/HMP_reference/gtdb-rs207.genomic-reps.dna.k31.zip,ae9fa81999d6793c10fb643972388989,0.05562372188139059,134000,13,840000,,SRS046688.tar.bz2,8a1e273d,79936000
140000,0.0017514011208967174,0.04754230459307011,0.0014761809447558047,0.0014761809447558047,,,,"GCF_002902325.1 Staphylococcus capitis subsp. capitis strain=NCTC 11045, ASM290232v1",/mnt/HDD/kia/HMP_reference/gtdb-rs207.genomic-reps.dna.k31.zip,ee650d57ebdb152533f91818a75ffcf6,0.05640612409347301,118000,14,722000,,SRS046688.tar.bz2,8a1e273d,79936000
130000,0.0016263010408326662,0.05148690634709276,0.0014511609287429944,0.0014511609287429944,,,,"GCF_900186975.1 Cutibacterium granulosum strain=NCTC11865, 50569_F01",/mnt/HDD/kia/HMP_reference/gtdb-rs207.genomic-reps.dna.k31.zip,737acad50d16ca56da72f9d2a7ffd059,0.05770084332001776,116000,15,606000,,SRS046688.tar.bz2,8a1e273d,79936000
108000,0.0013510808646917535,0.04665492957746479,0.001326060848678943,0.001326060848678943,,,,"GCF_000378065.1 Porphyromonas gulae DSM 15663 strain=DSM 15663, ASM37806v1",/mnt/HDD/kia/HMP_reference/gtdb-rs207.genomic-reps.dna.k31.zip,b63028aa32c8fb3365370c9d5b551381,0.04753521126760563,106000,16,500000,,SRS046688.tar.bz2,8a1e273d,79936000
365000,0.0045661529223378705,0.05584756898817345,0.0010633506805444355,0.0010633506805444355,,,,"GCF_000263595.1 Gardnerella vaginalis 1500E strain=1500E, ASM26359v1",/mnt/HDD/kia/HMP_reference/gtdb-rs207.genomic-reps.dna.k31.zip,ede1dab031b47c2f3b5e3f3526e536b1,0.23981603153745074,85000,17,415000,,SRS046688.tar.bz2,8a1e273d,79936000
73000,0.0009132305844675741,0.024154589371980676,0.0008131505204163331,0.0008131505204163331,,,,"GCF_002902365.1 Staphylococcus cohnii subsp. cohnii strain=NCTC 11041, ASM290236v1",/mnt/HDD/kia/HMP_reference/gtdb-rs207.genomic-reps.dna.k31.zip,f4af0cc6a13d43ac5f20489cbcddbc83,0.027127461910070604,65000,18,350000,,SRS046688.tar.bz2,8a1e273d,79936000
69000,0.0008631905524419535,0.03121852970795569,0.0007756204963971177,0.0007756204963971177,,,,"GCF_000614585.1 Porphyromonas gingivicanis JCM 15907 strain=JCM 15907, ASM61458v1",/mnt/HDD/kia/HMP_reference/gtdb-rs207.genomic-reps.dna.k31.zip,4930be5e186767daf558dc13007e8d14,0.03474320241691843,62000,19,288000,,SRS046688.tar.bz2,8a1e273d,79936000
61000,0.0007631104883907125,0.01965280052407468,0.0007506004803843075,0.0007506004803843075,,,,"GCF_000455445.1 Prevotella timonensis 4401737 = DSM 22865 = JCM 15640 strain=4401737, 4401737",/mnt/HDD/kia/HMP_reference/gtdb-rs207.genomic-reps.dna.k31.zip,13481ed520a681834b3cb4b8f7cd2aa5,0.019980347199475924,60000,20,228000,,SRS046688.tar.bz2,8a1e273d,79936000
52000,0.0006505204163330665,0.020077220077220077,0.0006505204163330665,0.0006505204163330665,,,,"GCF_002108505.1 Neisseria dumasiana strain=93087, ASM210850v1",/mnt/HDD/kia/HMP_reference/gtdb-rs207.genomic-reps.dna.k31.zip,a1f6262754ad7b00738642278043ceaa,0.020077220077220077,52000,21,176000,,SRS046688.tar.bz2,8a1e273d,79936000
