intersect_bp,f_orig_query,f_match,f_unique_to_query,f_unique_weighted,average_abund,median_abund,std_abund,name,filename,md5,f_match_orig,unique_intersect_bp,gather_result_rank,remaining_bp,query_filename,query_name,query_md5,query_bp
1630000,0.113273106323836,0.6707818930041153,0.113273106323836,0.113273106323836,,,,"GCF_003030305.1 Cutibacterium acnes strain=ATCC 6919, ASM303030v1",/mnt/HDD/kia/HMP_reference/gtdb-rs207.genomic-reps.dna.k31.zip,ff021938b2e5aeb2c3d43194bd8f6fed,0.6707818930041153,1630000,0,4185000,,SRS017156.tar.bz2,04946b53,14390000
1343000,0.09332870048644892,0.8554140127388535,0.09332870048644892,0.09332870048644892,,,,"GCA_003241315.1 Lawsonella clevelandensis, ASM324131v1",/mnt/HDD/kia/HMP_reference/gtdb-rs207.genomic-reps.dna.k31.zip,615e5c6c38f626bff2360eec57680c79,0.8554140127388535,1343000,1,2842000,,SRS017156.tar.bz2,04946b53,14390000
1089000,0.07567755385684503,0.39614405238268463,0.07567755385684503,0.07567755385684503,,,,"GCF_001027105.1 Staphylococcus aureus subsp. aureus DSM 20231 strain=DSM 20231, ASM102710v1",/mnt/HDD/kia/HMP_reference/gtdb-rs207.genomic-reps.dna.k31.zip,185d23ed7456f793b36f5c5f7f0a4c80,0.39614405238268463,1089000,2,1753000,,SRS017156.tar.bz2,04946b53,14390000
792000,0.055038220986796386,0.3302286198137172,0.054204308547602505,0.054204308547602505,,,,"GCF_006742205.1 Staphylococcus epidermidis strain=NBRC 100911, ASM674220v1",/mnt/HDD/kia/HMP_reference/gtdb-rs207.genomic-reps.dna.k31.zip,573514f3d349904ef56eb74c28c247d7,0.3353090601185436,780000,3,973000,,SRS017156.tar.bz2,04946b53,14390000
315000,0.02189020152883947,0.11664735419080727,0.02098679638637943,0.02098679638637943,,,,"GCF_000010125.1 Staphylococcus saprophyticus subsp. saprophyticus ATCC 15305 = NCTC 7292 strain=ATCC 15305, ASM1012v1",/mnt/HDD/kia/HMP_reference/gtdb-rs207.genomic-reps.dna.k31.zip,4b819ef38d18592680886d2eb80a6e48,0.12166859791425261,302000,4,671000,,SRS017156.tar.bz2,04946b53,14390000
195000,0.013551077136900626,0.07415990730011587,0.013342599027102154,0.013342599027102154,,,,"GCF_002154655.1 Corynebacterium kefirresidentii strain=SB, ASM215465v1",/mnt/HDD/kia/HMP_reference/gtdb-rs207.genomic-reps.dna.k31.zip,6a7c544dce2b6d683a1acb703e969a91,0.07531865585168018,192000,5,479000,,SRS017156.tar.bz2,04946b53,14390000
143000,0.009937456567060458,0.054840049854590775,0.009173036831132731,0.009173036831132731,,,,"GCF_000159115.1 Corynebacterium accolens ATCC 49725 strain=ATCC 49725, ASM15911v1",/mnt/HDD/kia/HMP_reference/gtdb-rs207.genomic-reps.dna.k31.zip,30fc14d53964d66f039fe9009573cee3,0.059410054009140005,132000,6,347000,,SRS017156.tar.bz2,04946b53,14390000
103000,0.007157748436414177,0.029934924078091105,0.004794996525364837,0.004794996525364837,,,,"GCF_013408445.1 Corynebacterium tuberculostearicum strain=DSM 44922, ASM1340844v1",/mnt/HDD/kia/HMP_reference/gtdb-rs207.genomic-reps.dna.k31.zip,8897c1bb4f3ce709a4ad43a0e85932fc,0.04468546637744035,69000,7,278000,,SRS017156.tar.bz2,04946b53,14390000
217000,0.01507991660875608,0.02044541803577948,0.003891591382904795,0.003891591382904795,,,,"GCF_000236925.1 Staphylococcus argenteus strain=MSHR1132, ASM23692v1",/mnt/HDD/kia/HMP_reference/gtdb-rs207.genomic-reps.dna.k31.zip,527e9b707bd1d4e9e99555963da67c75,0.07922599488864548,56000,8,222000,,SRS017156.tar.bz2,04946b53,14390000
78000,0.00542043085476025,0.02135374697824335,0.003683113273106324,0.003683113273106324,,,,"GCF_002902325.1 Staphylococcus capitis subsp. capitis strain=NCTC 11045, ASM290232v1",/mnt/HDD/kia/HMP_reference/gtdb-rs207.genomic-reps.dna.k31.zip,ee650d57ebdb152533f91818a75ffcf6,0.031426269137792104,53000,9,169000,,SRS017156.tar.bz2,04946b53,14390000
