intersect_bp,f_orig_query,f_match,f_unique_to_query,f_unique_weighted,average_abund,median_abund,std_abund,name,filename,md5,f_match_orig,unique_intersect_bp,gather_result_rank,remaining_bp,query_filename,query_name,query_md5,query_bp
1180000,0.09573259776083076,0.4902368093061903,0.09573259776083076,0.09573259776083076,,,,"GCF_000159115.1 Corynebacterium accolens ATCC 49725 strain=ATCC 49725, ASM15911v1",/mnt/HDD/kia/HMP_reference/gtdb-rs207.genomic-reps.dna.k31.zip,30fc14d53964d66f039fe9009573cee3,0.4902368093061903,1180000,0,2611000,,SRS018784.tar.bz2,fcc9cbe1,12326000
832000,0.06749959435339932,0.3310511478050745,0.06668830115203635,0.06668830115203635,,,,"GCF_000375525.1 Corynebacterium propinquum DSM 44285 strain=DSM 44285, ASM37552v1",/mnt/HDD/kia/HMP_reference/gtdb-rs207.genomic-reps.dna.k31.zip,24fde4240d0f6ce88999d501358b2d8c,0.33507853403141363,822000,1,1789000,,SRS018784.tar.bz2,fcc9cbe1,12326000
700000,0.05679052409540808,0.2880658436213992,0.05679052409540808,0.05679052409540808,,,,"GCF_003030305.1 Cutibacterium acnes strain=ATCC 6919, ASM303030v1",/mnt/HDD/kia/HMP_reference/gtdb-rs207.genomic-reps.dna.k31.zip,ff021938b2e5aeb2c3d43194bd8f6fed,0.2880658436213992,700000,2,1089000,,SRS018784.tar.bz2,fcc9cbe1,12326000
357000,0.02896316728865812,0.15114309906858595,0.02896316728865812,0.02896316728865812,,,,"GCF_006742205.1 Staphylococcus epidermidis strain=NBRC 100911, ASM674220v1",/mnt/HDD/kia/HMP_reference/gtdb-rs207.genomic-reps.dna.k31.zip,573514f3d349904ef56eb74c28c247d7,0.15114309906858595,357000,3,732000,,SRS018784.tar.bz2,fcc9cbe1,12326000
205000,0.016631510627940937,0.0668211664735419,0.014035372383579426,0.014035372383579426,,,,"GCF_002154655.1 Corynebacterium kefirresidentii strain=SB, ASM215465v1",/mnt/HDD/kia/HMP_reference/gtdb-rs207.genomic-reps.dna.k31.zip,6a7c544dce2b6d683a1acb703e969a91,0.07918115102356121,173000,4,559000,,SRS018784.tar.bz2,fcc9cbe1,12326000
166000,0.013467467142625344,0.07146027518863737,0.013061820541943858,0.013061820541943858,,,,"GCF_900186975.1 Cutibacterium granulosum strain=NCTC11865, 50569_F01",/mnt/HDD/kia/HMP_reference/gtdb-rs207.genomic-reps.dna.k31.zip,737acad50d16ca56da72f9d2a7ffd059,0.07367953839325345,161000,5,398000,,SRS018784.tar.bz2,fcc9cbe1,12326000
478000,0.03877981502515009,0.04571197411003236,0.00916761317540159,0.00916761317540159,,,,"GCF_000478175.1 Corynebacterium sp. KPL1814 strain=KPL1814, Cory_sp_KPL1814_V1",/mnt/HDD/kia/HMP_reference/gtdb-rs207.genomic-reps.dna.k31.zip,4cde657a6de5dd95199d6e1d2ee0d378,0.19336569579288027,113000,6,285000,,SRS018784.tar.bz2,fcc9cbe1,12326000
92000,0.007463897452539348,0.049783549783549784,0.007463897452539348,0.007463897452539348,,,,"GCF_900445265.1 Anaerococcus octavius strain=NCTC9810, 51765_E01",/mnt/HDD/kia/HMP_reference/gtdb-rs207.genomic-reps.dna.k31.zip,241cbbfed00807dab6c63c4d320f3bbc,0.049783549783549784,92000,7,193000,,SRS018784.tar.bz2,fcc9cbe1,12326000
63000,0.005111147168586727,0.032668881506090805,0.0047866298880415385,0.0047866298880415385,,,,"GCF_900106515.1 Peptoniphilus lacydonensis strain=EL1, PRJEB16530",/mnt/HDD/kia/HMP_reference/gtdb-rs207.genomic-reps.dna.k31.zip,b4b406f34659b0ee300ff2dee0f6de99,0.03488372093023256,59000,8,134000,,SRS018784.tar.bz2,fcc9cbe1,12326000
